VNA:  37397C
 
MODEL:                       DATE:     11/06/2014  19:21        PAGE 1
DEVICE ID:                   OPERATOR:  
START:      4.600000000 GHz  GATE START:       -        ERROR CORR: NONE       
STOP:       4.660000000 GHz  GATE STOP:        -        AVERAGING:   1 PT 
STEP:       0.000037500 GHz  GATE:             -        IF BNDWDTH: 10 Hz 
                             WINDOW:           - 
                      ---CH1--- 
PARAMETER:              -S21-  
NORMALIZATION:      DATA & MEMORY 
REFERENCE PLANE:         0.0000mm 
SMOOTHING:           0.0 PERCENT 
DELAY APERTURE:           - 
MARKERS: 
MKR     FREQ          MAGNITUDE 
#       GHz              dB 
1     4.619987500     -56.093     
FREQUENCY POINTS: 
PNT     FREQ          MAGNITUDE 
#       GHz              dB 
1      4.600000000    -29.128     
2      4.600037500    -28.015     
3      4.600075000    -28.195     
4      4.600112500    -28.230     
5      4.600150000    -29.798     
6      4.600187500    -29.700     
7      4.600225000    -27.774     
8      4.600262500    -31.252     
9      4.600300000    -30.828     
10     4.600337500    -28.472     
11     4.600375000    -33.088     
12     4.600412500    -29.511     
13     4.600450000    -29.149     
14     4.600487500    -30.262     
15     4.600525000    -30.579     
16     4.600562500    -31.217     
17     4.600600000    -29.639     
18     4.600637500    -29.247     
19     4.600675000    -31.813     
20     4.600712500    -30.822     
21     4.600750000    -30.583     
22     4.600787500    -30.914     
23     4.600825000    -29.804     
24     4.600862500    -31.346     
25     4.600900000    -30.652     
26     4.600937500    -32.088     
27     4.600975000    -30.501     
28     4.601012500    -29.638     
29     4.601050000    -30.464     
30     4.601087500    -28.148     
31     4.601125000    -28.151     
32     4.601162500    -30.552     
33     4.601200000    -29.782     
34     4.601237500    -27.976     
35     4.601275000    -32.580     
36     4.601312500    -32.046     
37     4.601350000    -31.466     
38     4.601387500    -29.605     
39     4.601425000    -29.612     
40     4.601462500    -31.535     
41     4.601500000    -31.845     
42     4.601537500    -29.345     
43     4.601575000    -31.798     
44     4.601612500    -28.826     
45     4.601650000    -29.287     
46     4.601687500    -32.056     
47     4.601725000    -32.679     
48     4.601762500    -30.516     
49     4.601800000    -29.334     
50     4.601837500    -30.541     
51     4.601875000    -33.745     
52     4.601912500    -31.421     
53     4.601950000    -30.745     
54     4.601987500    -31.468     
55     4.602025000    -28.920     
56     4.602062500    -28.903     
57     4.602100000    -28.607     
58     4.602137500    -29.828     
59     4.602175000    -30.720     
60     4.602212500    -28.856     
61     4.602250000    -29.677     
62     4.602287500    -29.198     
63     4.602325000    -29.502     
64     4.602362500    -29.180     
65     4.602400000    -30.750     
66     4.602437500    -28.525     
67     4.602475000    -30.413     
68     4.602512500    -28.264     
69     4.602550000    -31.726     
70     4.602587500    -31.368     
71     4.602625000    -29.225     
72     4.602662500    -29.158     
73     4.602700000    -30.968     
74     4.602737500    -28.306     
75     4.602775000    -28.157     
76     4.602812500    -30.085     
77     4.602850000    -30.968     
78     4.602887500    -32.552     
79     4.602925000    -30.284     
80     4.602962500    -27.730     
81     4.603000000    -30.508     
82     4.603037500    -31.724     
83     4.603075000    -29.703     
84     4.603112500    -33.070     
85     4.603150000    -32.504     
86     4.603187500    -30.957     
87     4.603225000    -31.693     
88     4.603262500    -31.632     
89     4.603300000    -30.378     
90     4.603337500    -30.119     
91     4.603375000    -30.461     
92     4.603412500    -30.985     
93     4.603450000    -29.623     
94     4.603487500    -32.051     
95     4.603525000    -32.105     
96     4.603562500    -32.863     
97     4.603600000    -29.224     
98     4.603637500    -28.307     
99     4.603675000    -32.067     
100    4.603712500    -31.684     
101    4.603750000    -31.504     
102    4.603787500    -33.755     
103    4.603825000    -30.081     
104    4.603862500    -30.556     
105    4.603900000    -32.581     
106    4.603937500    -30.189     
107    4.603975000    -32.196     
108    4.604012500    -30.668     
109    4.604050000    -32.953     
110    4.604087500    -31.820     
111    4.604125000    -28.901     
112    4.604162500    -31.059     
113    4.604200000    -31.703     
114    4.604237500    -31.851     
115    4.604275000    -30.987     
116    4.604312500    -28.979     
117    4.604350000    -31.929     
118    4.604387500    -31.242     
119    4.604425000    -32.452     
120    4.604462500    -32.698     
121    4.604500000    -30.671     
122    4.604537500    -33.102     
123    4.604575000    -32.152     
124    4.604612500    -31.153     
125    4.604650000    -31.646     
126    4.604687500    -32.595     
127    4.604725000    -30.736     
128    4.604762500    -30.570     
129    4.604800000    -32.807     
130    4.604837500    -30.724     
131    4.604875000    -29.485     
132    4.604912500    -33.751     
133    4.604950000    -31.776     
134    4.604987500    -30.172     
135    4.605025000    -31.160     
136    4.605062500    -32.686     
137    4.605100000    -30.845     
138    4.605137500    -30.989     
139    4.605175000    -30.573     
140    4.605212500    -33.297     
141    4.605250000    -29.560     
142    4.605287500    -32.704     
143    4.605325000    -29.431     
144    4.605362500    -36.291     
145    4.605400000    -30.648     
146    4.605437500    -32.729     
147    4.605475000    -29.677     
148    4.605512500    -32.134     
149    4.605550000    -31.177     
150    4.605587500    -30.762     
151    4.605625000    -32.982     
152    4.605662500    -34.159     
153    4.605700000    -30.738     
154    4.605737500    -30.978     
155    4.605775000    -32.078     
156    4.605812500    -32.030     
157    4.605850000    -30.095     
158    4.605887500    -30.939     
159    4.605925000    -32.605     
160    4.605962500    -30.929     
161    4.606000000    -31.290     
162    4.606037500    -31.557     
163    4.606075000    -33.892     
164    4.606112500    -29.313     
165    4.606150000    -31.711     
166    4.606187500    -29.770     
167    4.606225000    -30.984     
168    4.606262500    -32.904     
169    4.606300000    -29.986     
170    4.606337500    -33.915     
171    4.606375000    -30.388     
172    4.606412500    -33.567     
173    4.606450000    -30.478     
174    4.606487500    -36.709     
175    4.606525000    -32.782     
176    4.606562500    -32.788     
177    4.606600000    -32.464     
178    4.606637500    -32.634     
179    4.606675000    -31.992     
180    4.606712500    -33.872     
181    4.606750000    -31.615     
182    4.606787500    -32.207     
183    4.606825000    -33.143     
184    4.606862500    -31.918     
185    4.606900000    -29.560     
186    4.606937500    -32.356     
187    4.606975000    -33.722     
188    4.607012500    -30.758     
189    4.607050000    -28.726     
190    4.607087500    -32.351     
191    4.607125000    -34.096     
192    4.607162500    -32.296     
193    4.607200000    -32.569     
194    4.607237500    -31.271     
195    4.607275000    -35.954     
196    4.607312500    -33.749     
197    4.607350000    -31.461     
198    4.607387500    -34.127     
199    4.607425000    -32.782     
200    4.607462500    -30.100     
201    4.607500000    -29.812     
202    4.607537500    -30.857     
203    4.607575000    -30.113     
204    4.607612500    -32.829     
205    4.607650000    -35.298     
206    4.607687500    -33.898     
207    4.607725000    -32.179     
208    4.607762500    -33.398     
209    4.607800000    -29.646     
210    4.607837500    -32.256     
211    4.607875000    -32.756     
212    4.607912500    -33.975     
213    4.607950000    -32.464     
214    4.607987500    -32.257     
215    4.608025000    -30.876     
216    4.608062500    -29.964     
217    4.608100000    -33.267     
218    4.608137500    -32.055     
219    4.608175000    -33.804     
220    4.608212500    -31.047     
221    4.608250000    -34.157     
222    4.608287500    -30.211     
223    4.608325000    -34.900     
224    4.608362500    -33.402     
225    4.608400000    -29.921     
226    4.608437500    -32.601     
227    4.608475000    -35.688     
228    4.608512500    -33.219     
229    4.608550000    -32.068     
230    4.608587500    -31.746     
231    4.608625000    -30.937     
232    4.608662500    -36.447     
233    4.608700000    -33.251     
234    4.608737500    -30.164     
235    4.608775000    -33.506     
236    4.608812500    -29.018     
237    4.608850000    -31.718     
238    4.608887500    -31.104     
239    4.608925000    -32.400     
240    4.608962500    -33.902     
241    4.609000000    -32.000     
242    4.609037500    -32.952     
243    4.609075000    -33.510     
244    4.609112500    -33.460     
245    4.609150000    -32.634     
246    4.609187500    -34.135     
247    4.609225000    -32.670     
248    4.609262500    -35.378     
249    4.609300000    -32.224     
250    4.609337500    -31.823     
251    4.609375000    -34.368     
252    4.609412500    -30.140     
253    4.609450000    -33.948     
254    4.609487500    -32.649     
255    4.609525000    -32.897     
256    4.609562500    -32.269     
257    4.609600000    -31.494     
258    4.609637500    -31.764     
259    4.609675000    -35.913     
260    4.609712500    -35.709     
261    4.609750000    -32.125     
262    4.609787500    -35.735     
263    4.609825000    -32.738     
264    4.609862500    -34.904     
265    4.609900000    -30.274     
266    4.609937500    -37.902     
267    4.609975000    -35.807     
268    4.610012500    -29.208     
269    4.610050000    -33.723     
270    4.610087500    -31.717     
271    4.610125000    -34.476     
272    4.610162500    -38.714     
273    4.610200000    -30.350     
274    4.610237500    -32.333     
275    4.610275000    -34.049     
276    4.610312500    -32.599     
277    4.610350000    -32.024     
278    4.610387500    -37.280     
279    4.610425000    -33.937     
280    4.610462500    -32.474     
281    4.610500000    -34.251     
282    4.610537500    -31.386     
283    4.610575000    -34.149     
284    4.610612500    -33.622     
285    4.610650000    -36.346     
286    4.610687500    -33.650     
287    4.610725000    -31.877     
288    4.610762500    -34.305     
289    4.610800000    -33.519     
290    4.610837500    -34.785     
291    4.610875000    -31.195     
292    4.610912500    -36.277     
293    4.610950000    -36.434     
294    4.610987500    -33.053     
295    4.611025000    -33.052     
296    4.611062500    -32.488     
297    4.611100000    -37.959     
298    4.611137500    -35.460     
299    4.611175000    -38.806     
300    4.611212500    -32.015     
301    4.611250000    -34.833     
302    4.611287500    -32.769     
303    4.611325000    -32.385     
304    4.611362500    -34.960     
305    4.611400000    -33.244     
306    4.611437500    -33.417     
307    4.611475000    -33.492     
308    4.611512500    -32.346     
309    4.611550000    -30.958     
310    4.611587500    -35.543     
311    4.611625000    -36.919     
312    4.611662500    -33.291     
313    4.611700000    -34.063     
314    4.611737500    -33.058     
315    4.611775000    -30.776     
316    4.611812500    -31.863     
317    4.611850000    -33.408     
318    4.611887500    -35.276     
319    4.611925000    -39.150     
320    4.611962500    -33.111     
321    4.612000000    -37.195     
322    4.612037500    -35.980     
323    4.612075000    -34.222     
324    4.612112500    -36.815     
325    4.612150000    -31.785     
326    4.612187500    -32.693     
327    4.612225000    -29.894     
328    4.612262500    -31.774     
329    4.612300000    -34.827     
330    4.612337500    -34.441     
331    4.612375000    -32.301     
332    4.612412500    -32.679     
333    4.612450000    -34.046     
334    4.612487500    -35.416     
335    4.612525000    -35.484     
336    4.612562500    -35.104     
337    4.612600000    -36.772     
338    4.612637500    -31.978     
339    4.612675000    -33.640     
340    4.612712500    -33.226     
341    4.612750000    -32.015     
342    4.612787500    -32.525     
343    4.612825000    -34.201     
344    4.612862500    -35.782     
345    4.612900000    -34.330     
346    4.612937500    -42.564     
347    4.612975000    -36.937     
348    4.613012500    -31.812     
349    4.613050000    -36.281     
350    4.613087500    -34.123     
351    4.613125000    -38.423     
352    4.613162500    -32.805     
353    4.613200000    -38.491     
354    4.613237500    -41.639     
355    4.613275000    -31.837     
356    4.613312500    -32.486     
357    4.613350000    -32.291     
358    4.613387500    -32.927     
359    4.613425000    -38.669     
360    4.613462500    -31.934     
361    4.613500000    -39.191     
362    4.613537500    -35.867     
363    4.613575000    -38.158     
364    4.613612500    -33.704     
365    4.613650000    -34.868     
366    4.613687500    -37.398     
367    4.613725000    -33.738     
368    4.613762500    -35.294     
369    4.613800000    -35.943     
370    4.613837500    -38.397     
371    4.613875000    -39.256     
372    4.613912500    -37.131     
373    4.613950000    -34.278     
374    4.613987500    -35.133     
375    4.614025000    -41.370     
376    4.614062500    -43.095     
377    4.614100000    -36.981     
378    4.614137500    -36.921     
379    4.614175000    -33.478     
380    4.614212500    -33.199     
381    4.614250000    -41.479     
382    4.614287500    -35.317     
383    4.614325000    -39.607     
384    4.614362500    -38.016     
385    4.614400000    -32.869     
386    4.614437500    -34.027     
387    4.614475000    -36.328     
388    4.614512500    -36.966     
389    4.614550000    -35.700     
390    4.614587500    -37.967     
391    4.614625000    -33.454     
392    4.614662500    -37.076     
393    4.614700000    -32.523     
394    4.614737500    -39.905     
395    4.614775000    -35.690     
396    4.614812500    -37.455     
397    4.614850000    -37.337     
398    4.614887500    -36.210     
399    4.614925000    -39.092     
400    4.614962500    -43.457     
401    4.615000000    -33.173     
402    4.615037500    -38.505     
403    4.615075000    -36.137     
404    4.615112500    -34.111     
405    4.615150000    -35.820     
406    4.615187500    -32.494     
407    4.615225000    -36.935     
408    4.615262500    -40.338     
409    4.615300000    -37.345     
410    4.615337500    -35.315     
411    4.615375000    -44.910     
412    4.615412500    -40.174     
413    4.615450000    -37.908     
414    4.615487500    -33.738     
415    4.615525000    -36.492     
416    4.615562500    -38.261     
417    4.615600000    -39.807     
418    4.615637500    -34.300     
419    4.615675000    -38.806     
420    4.615712500    -35.584     
421    4.615750000    -38.872     
422    4.615787500    -37.043     
423    4.615825000    -37.426     
424    4.615862500    -36.496     
425    4.615900000    -39.287     
426    4.615937500    -30.509     
427    4.615975000    -35.521     
428    4.616012500    -35.170     
429    4.616050000    -38.586     
430    4.616087500    -36.189     
431    4.616125000    -36.952     
432    4.616162500    -36.272     
433    4.616200000    -40.800     
434    4.616237500    -37.832     
435    4.616275000    -37.768     
436    4.616312500    -34.832     
437    4.616350000    -35.193     
438    4.616387500    -37.768     
439    4.616425000    -34.367     
440    4.616462500    -45.603     
441    4.616500000    -39.190     
442    4.616537500    -35.091     
443    4.616575000    -58.156     
444    4.616612500    -39.367     
445    4.616650000    -40.590     
446    4.616687500    -36.908     
447    4.616725000    -36.513     
448    4.616762500    -36.068     
449    4.616800000    -37.268     
450    4.616837500    -33.563     
451    4.616875000    -38.708     
452    4.616912500    -36.352     
453    4.616950000    -38.192     
454    4.616987500    -32.212     
455    4.617025000    -42.089     
456    4.617062500    -46.072     
457    4.617100000    -45.070     
458    4.617137500    -37.343     
459    4.617175000    -37.423     
460    4.617212500    -47.895     
461    4.617250000    -37.325     
462    4.617287500    -35.989     
463    4.617325000    -45.157     
464    4.617362500    -43.797     
465    4.617400000    -42.145     
466    4.617437500    -38.908     
467    4.617475000    -55.212     
468    4.617512500    -47.493     
469    4.617550000    -38.466     
470    4.617587500    -49.866     
471    4.617625000    -40.209     
472    4.617662500    -39.420     
473    4.617700000    -38.946     
474    4.617737500    -40.290     
475    4.617775000    -45.899     
476    4.617812500    -38.430     
477    4.617850000    -49.267     
478    4.617887500    -35.843     
479    4.617925000    -46.050     
480    4.617962500    -43.952     
481    4.618000000    -41.846     
482    4.618037500    -44.502     
483    4.618075000    -51.947     
484    4.618112500    -38.067     
485    4.618150000    -34.016     
486    4.618187500    -61.561     
487    4.618225000    -36.526     
488    4.618262500    -38.403     
489    4.618300000    -49.463     
490    4.618337500    -59.316     
491    4.618375000    -42.269     
492    4.618412500    -37.938     
493    4.618450000    -44.497     
494    4.618487500    -41.263     
495    4.618525000    -39.751     
496    4.618562500    -49.402     
497    4.618600000    -37.335     
498    4.618637500    -39.707     
499    4.618675000    -45.246     
500    4.618712500    -38.772     
501    4.618750000    -42.136     
502    4.618787500    -46.854     
503    4.618825000    -44.661     
504    4.618862500    -49.237     
505    4.618900000    -53.227     
506    4.618937500    -47.327     
507    4.618975000    -46.441     
508    4.619012500    -50.126     
509    4.619050000    -47.064     
510    4.619087500    -44.464     
511    4.619125000    -51.723     
512    4.619162500    -41.797     
513    4.619200000    -42.391     
514    4.619237500    -45.103     
515    4.619275000    -41.472     
516    4.619312500    -42.111     
517    4.619350000    -47.597     
518    4.619387500    -53.680     
519    4.619425000    -45.352     
520    4.619462500    -58.580     
521    4.619500000    -36.725     
522    4.619537500    -44.169     
523    4.619575000    -48.504     
524    4.619612500    -48.522     
525    4.619650000    -45.336     
526    4.619687500    -46.650     
527    4.619725000    -42.181     
528    4.619762500    -45.551     
529    4.619800000    -38.577     
530    4.619837500    -45.411     
531    4.619875000    -46.139     
532    4.619912500    -45.686     
533    4.619950000    -44.331     
534    4.619987500    -56.093     
535    4.620025000    -42.259     
536    4.620062500    -47.210     
537    4.620100000    -55.950     
538    4.620137500    -51.872     
539    4.620175000    -40.819     
540    4.620212500    -45.272     
541    4.620250000    -44.841     
542    4.620287500    -50.651     
543    4.620325000    -45.933     
544    4.620362500    -46.820     
545    4.620400000    -39.772     
546    4.620437500    -44.213     
547    4.620475000    -55.206     
548    4.620512500    -47.467     
549    4.620550000    -41.782     
550    4.620587500    -44.541     
551    4.620625000    -43.801     
552    4.620662500    -45.303     
553    4.620700000    -39.757     
554    4.620737500    -45.274     
555    4.620775000    -43.675     
556    4.620812500    -42.731     
557    4.620850000    -46.297     
558    4.620887500    -50.364     
559    4.620925000    -41.224     
560    4.620962500    -43.617     
561    4.621000000    -53.530     
562    4.621037500    -40.554     
563    4.621075000    -38.905     
564    4.621112500    -38.985     
565    4.621150000    -43.990     
566    4.621187500    -44.295     
567    4.621225000    -41.925     
568    4.621262500    -48.493     
569    4.621300000    -43.890     
570    4.621337500    -46.289     
571    4.621375000    -47.982     
572    4.621412500    -46.111     
573    4.621450000    -48.907     
574    4.621487500    -40.952     
575    4.621525000    -39.683     
576    4.621562500    -45.855     
577    4.621600000    -41.061     
578    4.621637500    -43.452     
579    4.621675000    -43.113     
580    4.621712500    -39.076     
581    4.621750000    -36.323     
582    4.621787500    -39.230     
583    4.621825000    -39.281     
584    4.621862500    -37.559     
585    4.621900000    -41.338     
586    4.621937500    -36.486     
587    4.621975000    -42.577     
588    4.622012500    -40.052     
589    4.622050000    -39.863     
590    4.622087500    -35.253     
591    4.622125000    -37.214     
592    4.622162500    -33.025     
593    4.622200000    -41.377     
594    4.622237500    -46.211     
595    4.622275000    -37.364     
596    4.622312500    -40.751     
597    4.622350000    -39.369     
598    4.622387500    -38.747     
599    4.622425000    -38.916     
600    4.622462500    -36.486     
601    4.622500000    -39.059     
602    4.622537500    -34.829     
603    4.622575000    -36.282     
604    4.622612500    -34.745     
605    4.622650000    -36.404     
606    4.622687500    -34.842     
607    4.622725000    -33.084     
608    4.622762500    -36.659     
609    4.622800000    -37.431     
610    4.622837500    -34.411     
611    4.622875000    -39.436     
612    4.622912500    -38.547     
613    4.622950000    -34.391     
614    4.622987500    -38.389     
615    4.623025000    -36.864     
616    4.623062500    -37.175     
617    4.623100000    -37.260     
618    4.623137500    -35.519     
619    4.623175000    -34.047     
620    4.623212500    -39.122     
621    4.623250000    -48.809     
622    4.623287500    -33.952     
623    4.623325000    -34.334     
624    4.623362500    -35.791     
625    4.623400000    -34.084     
626    4.623437500    -33.077     
627    4.623475000    -32.275     
628    4.623512500    -35.898     
629    4.623550000    -37.829     
630    4.623587500    -38.700     
631    4.623625000    -33.207     
632    4.623662500    -35.743     
633    4.623700000    -45.415     
634    4.623737500    -37.974     
635    4.623775000    -35.105     
636    4.623812500    -36.087     
637    4.623850000    -33.311     
638    4.623887500    -34.529     
639    4.623925000    -34.065     
640    4.623962500    -34.242     
641    4.624000000    -32.424     
642    4.624037500    -35.559     
643    4.624075000    -36.043     
644    4.624112500    -34.198     
645    4.624150000    -32.968     
646    4.624187500    -36.789     
647    4.624225000    -33.596     
648    4.624262500    -32.801     
649    4.624300000    -30.856     
650    4.624337500    -36.752     
651    4.624375000    -32.120     
652    4.624412500    -30.279     
653    4.624450000    -36.956     
654    4.624487500    -30.624     
655    4.624525000    -38.092     
656    4.624562500    -33.080     
657    4.624600000    -32.139     
658    4.624637500    -30.398     
659    4.624675000    -31.297     
660    4.624712500    -29.443     
661    4.624750000    -31.983     
662    4.624787500    -32.115     
663    4.624825000    -33.289     
664    4.624862500    -31.127     
665    4.624900000    -31.016     
666    4.624937500    -29.355     
667    4.624975000    -30.539     
668    4.625012500    -29.863     
669    4.625050000    -32.072     
670    4.625087500    -27.723     
671    4.625125000    -29.942     
672    4.625162500    -30.521     
673    4.625200000    -29.244     
674    4.625237500    -27.678     
675    4.625275000    -28.531     
676    4.625312500    -28.768     
677    4.625350000    -29.905     
678    4.625387500    -29.625     
679    4.625425000    -29.860     
680    4.625462500    -28.735     
681    4.625500000    -31.591     
682    4.625537500    -29.590     
683    4.625575000    -29.775     
684    4.625612500    -28.252     
685    4.625650000    -27.489     
686    4.625687500    -29.646     
687    4.625725000    -29.176     
688    4.625762500    -28.397     
689    4.625800000    -27.462     
690    4.625837500    -30.027     
691    4.625875000    -27.315     
692    4.625912500    -29.247     
693    4.625950000    -27.961     
694    4.625987500    -28.792     
695    4.626025000    -27.476     
696    4.626062500    -25.773     
697    4.626100000    -26.170     
698    4.626137500    -27.602     
699    4.626175000    -26.776     
700    4.626212500    -26.747     
701    4.626250000    -26.440     
702    4.626287500    -27.647     
703    4.626325000    -28.950     
704    4.626362500    -26.663     
705    4.626400000    -26.734     
706    4.626437500    -26.086     
707    4.626475000    -27.563     
708    4.626512500    -26.256     
709    4.626550000    -26.100     
710    4.626587500    -27.971     
711    4.626625000    -25.306     
712    4.626662500    -25.914     
713    4.626700000    -25.575     
714    4.626737500    -24.755     
715    4.626775000    -26.386     
716    4.626812500    -25.236     
717    4.626850000    -26.352     
718    4.626887500    -24.913     
719    4.626925000    -25.939     
720    4.626962500    -25.431     
721    4.627000000    -25.678     
722    4.627037500    -24.612     
723    4.627075000    -24.366     
724    4.627112500    -24.601     
725    4.627150000    -23.985     
726    4.627187500    -24.243     
727    4.627225000    -24.760     
728    4.627262500    -25.139     
729    4.627300000    -23.886     
730    4.627337500    -22.991     
731    4.627375000    -24.522     
732    4.627412500    -23.908     
733    4.627450000    -23.719     
734    4.627487500    -23.960     
735    4.627525000    -23.504     
736    4.627562500    -23.398     
737    4.627600000    -24.438     
738    4.627637500    -23.183     
739    4.627675000    -24.727     
740    4.627712500    -22.464     
741    4.627750000    -22.446     
742    4.627787500    -24.012     
743    4.627825000    -22.904     
744    4.627862500    -22.538     
745    4.627900000    -23.768     
746    4.627937500    -23.008     
747    4.627975000    -20.700     
748    4.628012500    -22.124     
749    4.628050000    -21.824     
750    4.628087500    -21.691     
751    4.628125000    -22.269     
752    4.628162500    -22.264     
753    4.628200000    -20.851     
754    4.628237500    -21.608     
755    4.628275000    -21.330     
756    4.628312500    -22.308     
757    4.628350000    -20.529     
758    4.628387500    -21.191     
759    4.628425000    -20.642     
760    4.628462500    -20.148     
761    4.628500000    -19.872     
762    4.628537500    -20.536     
763    4.628575000    -19.911     
764    4.628612500    -20.757     
765    4.628650000    -20.020     
766    4.628687500    -20.248     
767    4.628725000    -20.257     
768    4.628762500    -19.685     
769    4.628800000    -19.517     
770    4.628837500    -19.448     
771    4.628875000    -19.174     
772    4.628912500    -19.519     
773    4.628950000    -19.002     
774    4.628987500    -18.816     
775    4.629025000    -18.549     
776    4.629062500    -18.415     
777    4.629100000    -18.663     
778    4.629137500    -18.116     
779    4.629175000    -18.113     
780    4.629212500    -18.940     
781    4.629250000    -18.132     
782    4.629287500    -17.375     
783    4.629325000    -17.309     
784    4.629362500    -17.694     
785    4.629400000    -17.216     
786    4.629437500    -17.068     
787    4.629475000    -17.308     
788    4.629512500    -17.268     
789    4.629550000    -16.727     
790    4.629587500    -17.134     
791    4.629625000    -16.746     
792    4.629662500    -16.732     
793    4.629700000    -16.832     
794    4.629737500    -16.570     
795    4.629775000    -15.925     
796    4.629812500    -15.895     
797    4.629850000    -15.928     
798    4.629887500    -15.518     
799    4.629925000    -16.249     
800    4.629962500    -15.335     
801    4.630000000    -15.200     
802    4.630037500    -15.324     
803    4.630075000    -14.872     
804    4.630112500    -15.245     
805    4.630150000    -14.584     
806    4.630187500    -14.822     
807    4.630225000    -14.784     
808    4.630262500    -14.006     
809    4.630300000    -14.694     
810    4.630337500    -14.538     
811    4.630375000    -14.132     
812    4.630412500    -14.315     
813    4.630450000    -14.098     
814    4.630487500    -14.030     
815    4.630525000    -13.677     
816    4.630562500    -13.264     
817    4.630600000    -13.685     
818    4.630637500    -22.082     
819    4.630675000    -22.076     
820    4.630712500    -21.472     
821    4.630750000    -22.151     
822    4.630787500    -20.937     
823    4.630825000    -21.364     
824    4.630862500    -21.091     
825    4.630900000    -21.490     
826    4.630937500    -22.465     
827    4.630975000    -21.133     
828    4.631012500    -21.057     
829    4.631050000    -20.341     
830    4.631087500    -20.811     
831    4.631125000    -21.055     
832    4.631162500    -20.270     
833    4.631200000    -20.457     
834    4.631237500    -19.406     
835    4.631275000    -20.146     
836    4.631312500    -19.831     
837    4.631350000    -19.612     
838    4.631387500    -19.316     
839    4.631425000    -19.142     
840    4.631462500    -19.758     
841    4.631500000    -18.892     
842    4.631537500    -19.004     
843    4.631575000    -18.552     
844    4.631612500    -18.843     
845    4.631650000    -18.855     
846    4.631687500    -18.658     
847    4.631725000    -17.946     
848    4.631762500    -17.794     
849    4.631800000    -17.835     
850    4.631837500    -18.422     
851    4.631875000    -17.331     
852    4.631912500    -17.218     
853    4.631950000    -17.861     
854    4.631987500    -17.503     
855    4.632025000    -17.668     
856    4.632062500    -16.973     
857    4.632100000    -16.633     
858    4.632137500    -16.799     
859    4.632175000    -16.862     
860    4.632212500    -16.671     
861    4.632250000    -16.382     
862    4.632287500    -15.901     
863    4.632325000    -16.101     
864    4.632362500    -15.873     
865    4.632400000    -16.051     
866    4.632437500    -15.660     
867    4.632475000    -15.586     
868    4.632512500    -15.387     
869    4.632550000    -15.597     
870    4.632587500    -15.202     
871    4.632625000    -15.207     
872    4.632662500    -15.018     
873    4.632700000    -15.332     
874    4.632737500    -14.742     
875    4.632775000    -14.806     
876    4.632812500    -14.826     
877    4.632850000    -13.937     
878    4.632887500    -14.301     
879    4.632925000    -14.109     
880    4.632962500    -13.598     
881    4.633000000    -14.051     
882    4.633037500    -13.897     
883    4.633075000    -13.609     
884    4.633112500    -13.271     
885    4.633150000    -13.441     
886    4.633187500    -13.314     
887    4.633225000    -13.222     
888    4.633262500    -13.426     
889    4.633300000    -12.855     
890    4.633337500    -12.954     
891    4.633375000    -13.086     
892    4.633412500    -12.506     
893    4.633450000    -12.786     
894    4.633487500    -12.612     
895    4.633525000    -12.111     
896    4.633562500    -12.338     
897    4.633600000    -12.368     
898    4.633637500    -12.263     
899    4.633675000    -12.274     
900    4.633712500    -12.087     
901    4.633750000    -12.111     
902    4.633787500    -12.020     
903    4.633825000    -12.443     
904    4.633862500    -11.981     
905    4.633900000    -11.986     
906    4.633937500    -11.839     
907    4.633975000    -11.797     
908    4.634012500    -12.235     
909    4.634050000    -11.932     
910    4.634087500    -12.102     
911    4.634125000    -11.975     
912    4.634162500    -12.384     
913    4.634200000    -12.018     
914    4.634237500    -11.712     
915    4.634275000    -11.898     
916    4.634312500    -12.253     
917    4.634350000    -12.116     
918    4.634387500    -12.267     
919    4.634425000    -12.144     
920    4.634462500    -16.983     
921    4.634500000    -17.232     
922    4.634537500    -17.192     
923    4.634575000    -17.392     
924    4.634612500    -17.030     
925    4.634650000    -17.337     
926    4.634687500    -17.117     
927    4.634725000    -17.619     
928    4.634762500    -17.117     
929    4.634800000    -17.384     
930    4.634837500    -17.520     
931    4.634875000    -17.443     
932    4.634912500    -17.725     
933    4.634950000    -17.691     
934    4.634987500    -18.193     
935    4.635025000    -18.269     
936    4.635062500    -18.327     
937    4.635100000    -17.576     
938    4.635137500    -18.512     
939    4.635175000    -18.243     
940    4.635212500    -18.317     
941    4.635250000    -18.470     
942    4.635287500    -18.127     
943    4.635325000    -18.276     
944    4.635362500    -18.753     
945    4.635400000    -18.160     
946    4.635437500    -18.482     
947    4.635475000    -18.333     
948    4.635512500    -18.797     
949    4.635550000    -18.679     
950    4.635587500    -18.501     
951    4.635625000    -18.532     
952    4.635662500    -19.052     
953    4.635700000    -19.032     
954    4.635737500    -18.968     
955    4.635775000    -19.561     
956    4.635812500    -19.272     
957    4.635850000    -18.638     
958    4.635887500    -19.726     
959    4.635925000    -18.728     
960    4.635962500    -18.899     
961    4.636000000    -19.550     
962    4.636037500    -19.338     
963    4.636075000    -19.413     
964    4.636112500    -19.271     
965    4.636150000    -19.276     
966    4.636187500    -19.379     
967    4.636225000    -18.938     
968    4.636262500    -19.380     
969    4.636300000    -19.759     
970    4.636337500    -18.776     
971    4.636375000    -19.263     
972    4.636412500    -19.363     
973    4.636450000    -18.950     
974    4.636487500    -19.768     
975    4.636525000    -19.885     
976    4.636562500    -19.466     
977    4.636600000    -19.718     
978    4.636637500    -19.946     
979    4.636675000    -20.114     
980    4.636712500    -20.397     
981    4.636750000    -19.605     
982    4.636787500    -19.877     
983    4.636825000    -20.189     
984    4.636862500    -19.624     
985    4.636900000    -20.257     
986    4.636937500    -19.778     
987    4.636975000    -20.097     
988    4.637012500    -19.532     
989    4.637050000    -19.987     
990    4.637087500    -20.613     
991    4.637125000    -20.574     
992    4.637162500    -19.630     
993    4.637200000    -20.523     
994    4.637237500    -20.675     
995    4.637275000    -20.825     
996    4.637312500    -20.605     
997    4.637350000    -20.076     
998    4.637387500    -20.425     
999    4.637425000    -20.506     
1000   4.637462500    -20.720     
1001   4.637500000    -21.233     
1002   4.637537500    -20.823     
1003   4.637575000    -21.940     
1004   4.637612500    -20.528     
1005   4.637650000    -21.270     
1006   4.637687500    -21.258     
1007   4.637725000    -21.690     
1008   4.637762500    -21.053     
1009   4.637800000    -20.900     
1010   4.637837500    -21.011     
1011   4.637875000    -22.183     
1012   4.637912500    -20.948     
1013   4.637950000    -21.238     
1014   4.637987500    -20.515     
1015   4.638025000    -21.350     
1016   4.638062500    -21.604     
1017   4.638100000    -21.206     
1018   4.638137500    -20.801     
1019   4.638175000    -20.672     
1020   4.638212500    -20.711     
1021   4.638250000    -21.292     
1022   4.638287500    -21.450     
1023   4.638325000    -21.065     
1024   4.638362500    -21.081     
1025   4.638400000    -20.363     
1026   4.638437500    -21.878     
1027   4.638475000    -20.802     
1028   4.638512500    -22.027     
1029   4.638550000    -20.727     
1030   4.638587500    -20.716     
1031   4.638625000    -21.442     
1032   4.638662500    -21.233     
1033   4.638700000    -21.472     
1034   4.638737500    -21.129     
1035   4.638775000    -21.429     
1036   4.638812500    -21.355     
1037   4.638850000    -21.237     
1038   4.638887500    -21.900     
1039   4.638925000    -22.324     
1040   4.638962500    -22.085     
1041   4.639000000    -21.305     
1042   4.639037500    -21.778     
1043   4.639075000    -21.526     
1044   4.639112500    -21.207     
1045   4.639150000    -22.047     
1046   4.639187500    -22.477     
1047   4.639225000    -22.527     
1048   4.639262500    -22.350     
1049   4.639300000    -22.700     
1050   4.639337500    -21.342     
1051   4.639375000    -22.041     
1052   4.639412500    -21.516     
1053   4.639450000    -22.369     
1054   4.639487500    -22.078     
1055   4.639525000    -21.813     
1056   4.639562500    -22.462     
1057   4.639600000    -22.859     
1058   4.639637500    -22.033     
1059   4.639675000    -22.201     
1060   4.639712500    -21.475     
1061   4.639750000    -21.185     
1062   4.639787500    -21.772     
1063   4.639825000    -22.095     
1064   4.639862500    -22.188     
1065   4.639900000    -22.161     
1066   4.639937500    -22.227     
1067   4.639975000    -22.747     
1068   4.640012500    -22.092     
1069   4.640050000    -21.969     
1070   4.640087500    -22.579     
1071   4.640125000    -22.291     
1072   4.640162500    -22.546     
1073   4.640200000    -23.345     
1074   4.640237500    -22.573     
1075   4.640275000    -21.660     
1076   4.640312500    -22.853     
1077   4.640350000    -22.097     
1078   4.640387500    -22.781     
1079   4.640425000    -21.997     
1080   4.640462500    -22.051     
1081   4.640500000    -22.804     
1082   4.640537500    -22.034     
1083   4.640575000    -22.867     
1084   4.640612500    -23.025     
1085   4.640650000    -21.923     
1086   4.640687500    -22.030     
1087   4.640725000    -22.592     
1088   4.640762500    -22.717     
1089   4.640800000    -23.495     
1090   4.640837500    -22.084     
1091   4.640875000    -22.894     
1092   4.640912500    -23.204     
1093   4.640950000    -22.646     
1094   4.640987500    -23.000     
1095   4.641025000    -21.898     
1096   4.641062500    -23.591     
1097   4.641100000    -23.164     
1098   4.641137500    -23.690     
1099   4.641175000    -22.358     
1100   4.641212500    -23.138     
1101   4.641250000    -22.557     
1102   4.641287500    -23.666     
1103   4.641325000    -23.229     
1104   4.641362500    -22.272     
1105   4.641400000    -23.242     
1106   4.641437500    -22.667     
1107   4.641475000    -22.483     
1108   4.641512500    -23.150     
1109   4.641550000    -24.402     
1110   4.641587500    -22.204     
1111   4.641625000    -23.966     
1112   4.641662500    -23.323     
1113   4.641700000    -24.146     
1114   4.641737500    -22.494     
1115   4.641775000    -23.743     
1116   4.641812500    -23.340     
1117   4.641850000    -23.310     
1118   4.641887500    -23.494     
1119   4.641925000    -23.774     
1120   4.641962500    -23.572     
1121   4.642000000    -24.294     
1122   4.642037500    -22.356     
1123   4.642075000    -22.419     
1124   4.642112500    -22.426     
1125   4.642150000    -24.788     
1126   4.642187500    -23.512     
1127   4.642225000    -23.132     
1128   4.642262500    -23.548     
1129   4.642300000    -23.587     
1130   4.642337500    -23.292     
1131   4.642375000    -23.625     
1132   4.642412500    -24.151     
1133   4.642450000    -23.412     
1134   4.642487500    -23.137     
1135   4.642525000    -24.632     
1136   4.642562500    -23.281     
1137   4.642600000    -23.143     
1138   4.642637500    -23.466     
1139   4.642675000    -24.644     
1140   4.642712500    -23.316     
1141   4.642750000    -23.089     
1142   4.642787500    -23.372     
1143   4.642825000    -24.490     
1144   4.642862500    -22.991     
1145   4.642900000    -24.005     
1146   4.642937500    -23.377     
1147   4.642975000    -24.327     
1148   4.643012500    -23.527     
1149   4.643050000    -23.180     
1150   4.643087500    -23.693     
1151   4.643125000    -23.146     
1152   4.643162500    -22.434     
1153   4.643200000    -24.277     
1154   4.643237500    -23.472     
1155   4.643275000    -24.162     
1156   4.643312500    -23.908     
1157   4.643350000    -23.443     
1158   4.643387500    -23.699     
1159   4.643425000    -24.520     
1160   4.643462500    -23.211     
1161   4.643500000    -24.432     
1162   4.643537500    -24.206     
1163   4.643575000    -23.836     
1164   4.643612500    -22.540     
1165   4.643650000    -24.413     
1166   4.643687500    -24.892     
1167   4.643725000    -23.811     
1168   4.643762500    -23.274     
1169   4.643800000    -24.482     
1170   4.643837500    -24.397     
1171   4.643875000    -24.450     
1172   4.643912500    -23.339     
1173   4.643950000    -23.005     
1174   4.643987500    -24.518     
1175   4.644025000    -25.010     
1176   4.644062500    -24.097     
1177   4.644100000    -23.547     
1178   4.644137500    -24.124     
1179   4.644175000    -24.905     
1180   4.644212500    -24.290     
1181   4.644250000    -24.307     
1182   4.644287500    -23.692     
1183   4.644325000    -24.320     
1184   4.644362500    -23.375     
1185   4.644400000    -23.697     
1186   4.644437500    -24.197     
1187   4.644475000    -23.914     
1188   4.644512500    -23.320     
1189   4.644550000    -23.422     
1190   4.644587500    -24.072     
1191   4.644625000    -25.631     
1192   4.644662500    -26.021     
1193   4.644700000    -23.849     
1194   4.644737500    -24.729     
1195   4.644775000    -24.925     
1196   4.644812500    -23.841     
1197   4.644850000    -24.094     
1198   4.644887500    -25.118     
1199   4.644925000    -23.754     
1200   4.644962500    -24.944     
1201   4.645000000    -24.159     
1202   4.645037500    -23.967     
1203   4.645075000    -23.629     
1204   4.645112500    -25.282     
1205   4.645150000    -24.080     
1206   4.645187500    -25.038     
1207   4.645225000    -23.906     
1208   4.645262500    -25.242     
1209   4.645300000    -24.754     
1210   4.645337500    -25.534     
1211   4.645375000    -24.460     
1212   4.645412500    -23.927     
1213   4.645450000    -23.820     
1214   4.645487500    -25.183     
1215   4.645525000    -24.468     
1216   4.645562500    -24.210     
1217   4.645600000    -25.197     
1218   4.645637500    -23.476     
1219   4.645675000    -24.098     
1220   4.645712500    -25.294     
1221   4.645750000    -24.871     
1222   4.645787500    -24.230     
1223   4.645825000    -25.843     
1224   4.645862500    -24.855     
1225   4.645900000    -27.674     
1226   4.645937500    -24.698     
1227   4.645975000    -23.908     
1228   4.646012500    -25.386     
1229   4.646050000    -24.565     
1230   4.646087500    -24.065     
1231   4.646125000    -24.914     
1232   4.646162500    -25.413     
1233   4.646200000    -23.794     
1234   4.646237500    -24.634     
1235   4.646275000    -24.898     
1236   4.646312500    -25.577     
1237   4.646350000    -23.837     
1238   4.646387500    -24.760     
1239   4.646425000    -25.284     
1240   4.646462500    -24.560     
1241   4.646500000    -25.185     
1242   4.646537500    -25.908     
1243   4.646575000    -25.937     
1244   4.646612500    -24.291     
1245   4.646650000    -25.013     
1246   4.646687500    -24.592     
1247   4.646725000    -25.057     
1248   4.646762500    -24.565     
1249   4.646800000    -24.750     
1250   4.646837500    -25.121     
1251   4.646875000    -25.305     
1252   4.646912500    -25.220     
1253   4.646950000    -25.074     
1254   4.646987500    -24.678     
1255   4.647025000    -24.023     
1256   4.647062500    -25.127     
1257   4.647100000    -23.865     
1258   4.647137500    -24.863     
1259   4.647175000    -26.383     
1260   4.647212500    -25.072     
1261   4.647250000    -24.759     
1262   4.647287500    -25.603     
1263   4.647325000    -24.962     
1264   4.647362500    -25.696     
1265   4.647400000    -25.070     
1266   4.647437500    -25.596     
1267   4.647475000    -25.848     
1268   4.647512500    -25.634     
1269   4.647550000    -25.959     
1270   4.647587500    -24.421     
1271   4.647625000    -25.859     
1272   4.647662500    -25.376     
1273   4.647700000    -26.176     
1274   4.647737500    -25.095     
1275   4.647775000    -25.616     
1276   4.647812500    -24.781     
1277   4.647850000    -25.740     
1278   4.647887500    -25.407     
1279   4.647925000    -25.543     
1280   4.647962500    -26.313     
1281   4.648000000    -26.066     
1282   4.648037500    -24.753     
1283   4.648075000    -24.335     
1284   4.648112500    -24.895     
1285   4.648150000    -26.283     
1286   4.648187500    -25.686     
1287   4.648225000    -24.937     
1288   4.648262500    -25.253     
1289   4.648300000    -25.040     
1290   4.648337500    -25.221     
1291   4.648375000    -25.662     
1292   4.648412500    -25.850     
1293   4.648450000    -26.409     
1294   4.648487500    -25.861     
1295   4.648525000    -24.671     
1296   4.648562500    -25.931     
1297   4.648600000    -24.291     
1298   4.648637500    -25.019     
1299   4.648675000    -25.361     
1300   4.648712500    -26.948     
1301   4.648750000    -26.673     
1302   4.648787500    -24.614     
1303   4.648825000    -27.029     
1304   4.648862500    -25.956     
1305   4.648900000    -26.309     
1306   4.648937500    -25.705     
1307   4.648975000    -26.551     
1308   4.649012500    -24.933     
1309   4.649050000    -24.971     
1310   4.649087500    -24.606     
1311   4.649125000    -25.833     
1312   4.649162500    -25.956     
1313   4.649200000    -26.038     
1314   4.649237500    -26.413     
1315   4.649275000    -24.520     
1316   4.649312500    -25.883     
1317   4.649350000    -24.058     
1318   4.649387500    -25.572     
1319   4.649425000    -24.657     
1320   4.649462500    -25.875     
1321   4.649500000    -26.111     
1322   4.649537500    -26.696     
1323   4.649575000    -25.292     
1324   4.649612500    -26.049     
1325   4.649650000    -26.001     
1326   4.649687500    -26.119     
1327   4.649725000    -27.619     
1328   4.649762500    -25.180     
1329   4.649800000    -26.014     
1330   4.649837500    -24.939     
1331   4.649875000    -25.054     
1332   4.649912500    -27.203     
1333   4.649950000    -26.319     
1334   4.649987500    -25.325     
1335   4.650025000    -26.043     
1336   4.650062500    -24.315     
1337   4.650100000    -25.539     
1338   4.650137500    -26.449     
1339   4.650175000    -26.486     
1340   4.650212500    -25.922     
1341   4.650250000    -25.846     
1342   4.650287500    -26.019     
1343   4.650325000    -24.382     
1344   4.650362500    -26.635     
1345   4.650400000    -26.370     
1346   4.650437500    -25.859     
1347   4.650475000    -26.577     
1348   4.650512500    -25.848     
1349   4.650550000    -27.093     
1350   4.650587500    -26.750     
1351   4.650625000    -26.012     
1352   4.650662500    -26.272     
1353   4.650700000    -25.530     
1354   4.650737500    -25.916     
1355   4.650775000    -25.494     
1356   4.650812500    -26.908     
1357   4.650850000    -26.771     
1358   4.650887500    -26.049     
1359   4.650925000    -26.970     
1360   4.650962500    -26.439     
1361   4.651000000    -28.525     
1362   4.651037500    -27.383     
1363   4.651075000    -24.717     
1364   4.651112500    -25.875     
1365   4.651150000    -26.965     
1366   4.651187500    -26.520     
1367   4.651225000    -25.780     
1368   4.651262500    -26.009     
1369   4.651300000    -26.430     
1370   4.651337500    -25.909     
1371   4.651375000    -26.321     
1372   4.651412500    -25.593     
1373   4.651450000    -28.031     
1374   4.651487500    -27.881     
1375   4.651525000    -26.116     
1376   4.651562500    -25.744     
1377   4.651600000    -25.475     
1378   4.651637500    -26.499     
1379   4.651675000    -26.566     
1380   4.651712500    -25.745     
1381   4.651750000    -26.627     
1382   4.651787500    -26.364     
1383   4.651825000    -25.982     
1384   4.651862500    -27.830     
1385   4.651900000    -27.079     
1386   4.651937500    -26.507     
1387   4.651975000    -27.378     
1388   4.652012500    -26.731     
1389   4.652050000    -25.630     
1390   4.652087500    -26.164     
1391   4.652125000    -25.935     
1392   4.652162500    -25.302     
1393   4.652200000    -26.278     
1394   4.652237500    -26.212     
1395   4.652275000    -27.059     
1396   4.652312500    -26.446     
1397   4.652350000    -28.271     
1398   4.652387500    -26.232     
1399   4.652425000    -25.043     
1400   4.652462500    -25.759     
1401   4.652500000    -28.015     
1402   4.652537500    -25.824     
1403   4.652575000    -25.353     
1404   4.652612500    -25.703     
1405   4.652650000    -25.277     
1406   4.652687500    -25.564     
1407   4.652725000    -25.816     
1408   4.652762500    -27.096     
1409   4.652800000    -28.580     
1410   4.652837500    -27.403     
1411   4.652875000    -27.249     
1412   4.652912500    -26.908     
1413   4.652950000    -27.503     
1414   4.652987500    -26.951     
1415   4.653025000    -25.883     
1416   4.653062500    -27.364     
1417   4.653100000    -25.249     
1418   4.653137500    -25.874     
1419   4.653175000    -27.520     
1420   4.653212500    -26.600     
1421   4.653250000    -27.675     
1422   4.653287500    -27.089     
1423   4.653325000    -25.672     
1424   4.653362500    -27.604     
1425   4.653400000    -25.646     
1426   4.653437500    -27.818     
1427   4.653475000    -25.354     
1428   4.653512500    -26.732     
1429   4.653550000    -25.816     
1430   4.653587500    -25.506     
1431   4.653625000    -27.025     
1432   4.653662500    -27.432     
1433   4.653700000    -25.987     
1434   4.653737500    -24.803     
1435   4.653775000    -26.312     
1436   4.653812500    -27.067     
1437   4.653850000    -25.756     
1438   4.653887500    -27.316     
1439   4.653925000    -24.692     
1440   4.653962500    -27.774     
1441   4.654000000    -26.631     
1442   4.654037500    -27.368     
1443   4.654075000    -27.200     
1444   4.654112500    -26.235     
1445   4.654150000    -28.026     
1446   4.654187500    -26.154     
1447   4.654225000    -24.265     
1448   4.654262500    -25.612     
1449   4.654300000    -27.503     
1450   4.654337500    -26.062     
1451   4.654375000    -26.419     
1452   4.654412500    -26.353     
1453   4.654450000    -26.664     
1454   4.654487500    -24.829     
1455   4.654525000    -28.165     
1456   4.654562500    -27.154     
1457   4.654600000    -26.507     
1458   4.654637500    -25.164     
1459   4.654675000    -25.881     
1460   4.654712500    -26.271     
1461   4.654750000    -27.227     
1462   4.654787500    -27.368     
1463   4.654825000    -25.507     
1464   4.654862500    -26.824     
1465   4.654900000    -25.868     
1466   4.654937500    -26.239     
1467   4.654975000    -27.092     
1468   4.655012500    -26.278     
1469   4.655050000    -26.642     
1470   4.655087500    -26.618     
1471   4.655125000    -25.665     
1472   4.655162500    -26.443     
1473   4.655200000    -27.229     
1474   4.655237500    -26.015     
1475   4.655275000    -26.399     
1476   4.655312500    -28.039     
1477   4.655350000    -27.631     
1478   4.655387500    -26.905     
1479   4.655425000    -28.987     
1480   4.655462500    -28.924     
1481   4.655500000    -24.728     
1482   4.655537500    -25.393     
1483   4.655575000    -27.395     
1484   4.655612500    -25.481     
1485   4.655650000    -27.851     
1486   4.655687500    -29.316     
1487   4.655725000    -28.054     
1488   4.655762500    -26.662     
1489   4.655800000    -27.175     
1490   4.655837500    -26.723     
1491   4.655875000    -27.586     
1492   4.655912500    -27.517     
1493   4.655950000    -27.285     
1494   4.655987500    -28.314     
1495   4.656025000    -26.638     
1496   4.656062500    -25.916     
1497   4.656100000    -26.323     
1498   4.656137500    -26.144     
1499   4.656175000    -26.612     
1500   4.656212500    -28.101     
1501   4.656250000    -27.804     
1502   4.656287500    -27.259     
1503   4.656325000    -29.269     
1504   4.656362500    -30.074     
1505   4.656400000    -27.236     
1506   4.656437500    -26.992     
1507   4.656475000    -28.460     
1508   4.656512500    -26.904     
1509   4.656550000    -27.645     
1510   4.656587500    -27.294     
1511   4.656625000    -27.671     
1512   4.656662500    -27.246     
1513   4.656700000    -25.872     
1514   4.656737500    -29.650     
1515   4.656775000    -26.447     
1516   4.656812500    -27.797     
1517   4.656850000    -27.931     
1518   4.656887500    -26.673     
1519   4.656925000    -27.351     
1520   4.656962500    -27.811     
1521   4.657000000    -27.856     
1522   4.657037500    -28.626     
1523   4.657075000    -27.083     
1524   4.657112500    -28.625     
1525   4.657150000    -27.025     
1526   4.657187500    -26.250     
1527   4.657225000    -27.673     
1528   4.657262500    -28.015     
1529   4.657300000    -26.627     
1530   4.657337500    -26.627     
1531   4.657375000    -27.627     
1532   4.657412500    -28.527     
1533   4.657450000    -28.713     
1534   4.657487500    -27.512     
1535   4.657525000    -26.981     
1536   4.657562500    -27.689     
1537   4.657600000    -26.673     
1538   4.657637500    -27.686     
1539   4.657675000    -25.565     
1540   4.657712500    -27.872     
1541   4.657750000    -26.248     
1542   4.657787500    -27.320     
1543   4.657825000    -26.882     
1544   4.657862500    -27.490     
1545   4.657900000    -26.647     
1546   4.657937500    -26.592     
1547   4.657975000    -28.758     
1548   4.658012500    -25.220     
1549   4.658050000    -27.849     
1550   4.658087500    -28.684     
1551   4.658125000    -28.148     
1552   4.658162500    -28.103     
1553   4.658200000    -27.527     
1554   4.658237500    -28.272     
1555   4.658275000    -26.998     
1556   4.658312500    -29.251     
1557   4.658350000    -27.075     
1558   4.658387500    -26.523     
1559   4.658425000    -27.230     
1560   4.658462500    -28.233     
1561   4.658500000    -29.573     
1562   4.658537500    -26.586     
1563   4.658575000    -27.249     
1564   4.658612500    -27.480     
1565   4.658650000    -26.533     
1566   4.658687500    -27.297     
1567   4.658725000    -26.457     
1568   4.658762500    -25.552     
1569   4.658800000    -26.818     
1570   4.658837500    -26.782     
1571   4.658875000    -28.377     
1572   4.658912500    -28.089     
1573   4.658950000    -27.918     
1574   4.658987500    -26.222     
1575   4.659025000    -27.044     
1576   4.659062500    -28.894     
1577   4.659100000    -26.951     
1578   4.659137500    -28.506     
1579   4.659175000    -28.160     
1580   4.659212500    -28.723     
1581   4.659250000    -25.796     
1582   4.659287500    -28.339     
1583   4.659325000    -28.036     
1584   4.659362500    -30.876     
1585   4.659400000    -27.148     
1586   4.659437500    -26.454     
1587   4.659475000    -28.182     
1588   4.659512500    -28.183     
1589   4.659550000    -28.136     
1590   4.659587500    -27.046     
1591   4.659625000    -25.588     
1592   4.659662500    -26.577     
1593   4.659700000    -27.996     
1594   4.659737500    -29.216     
1595   4.659775000    -28.419     
1596   4.659812500    -27.100     
1597   4.659850000    -26.504     
1598   4.659887500    -26.656     
1599   4.659925000    -28.968     
1600   4.659962500    -27.148     
1601   4.660000000    -28.678     
