VNA:  37397C
 
MODEL:                       DATE:     11/06/2014  19:15        PAGE 1
DEVICE ID:                   OPERATOR:  
START:      4.600000000 GHz  GATE START:       -        ERROR CORR: NONE       
STOP:       4.660000000 GHz  GATE STOP:        -        AVERAGING:   1 PT 
STEP:       0.000037500 GHz  GATE:             -        IF BNDWDTH: 10 Hz 
                             WINDOW:           - 
                      ---CH1--- 
PARAMETER:              -S21-  
NORMALIZATION:      DATA & MEMORY 
REFERENCE PLANE:         0.0000mm 
SMOOTHING:           0.0 PERCENT 
DELAY APERTURE:           - 
MARKERS: 
MKR     FREQ          MAGNITUDE 
#       GHz              dB 
1     4.619987500     -33.450     
FREQUENCY POINTS: 
PNT     FREQ          MAGNITUDE 
#       GHz              dB 
1      4.600000000    -30.765     
2      4.600037500    -28.135     
3      4.600075000    -29.689     
4      4.600112500    -29.285     
5      4.600150000    -31.872     
6      4.600187500    -29.222     
7      4.600225000    -28.625     
8      4.600262500    -29.421     
9      4.600300000    -30.434     
10     4.600337500    -30.805     
11     4.600375000    -28.821     
12     4.600412500    -30.652     
13     4.600450000    -29.374     
14     4.600487500    -29.555     
15     4.600525000    -28.761     
16     4.600562500    -30.340     
17     4.600600000    -29.998     
18     4.600637500    -27.378     
19     4.600675000    -28.849     
20     4.600712500    -30.487     
21     4.600750000    -30.897     
22     4.600787500    -31.638     
23     4.600825000    -31.564     
24     4.600862500    -30.466     
25     4.600900000    -28.113     
26     4.600937500    -31.575     
27     4.600975000    -29.902     
28     4.601012500    -30.349     
29     4.601050000    -30.888     
30     4.601087500    -30.053     
31     4.601125000    -31.430     
32     4.601162500    -30.124     
33     4.601200000    -29.938     
34     4.601237500    -30.116     
35     4.601275000    -31.051     
36     4.601312500    -29.731     
37     4.601350000    -30.923     
38     4.601387500    -28.943     
39     4.601425000    -33.738     
40     4.601462500    -30.261     
41     4.601500000    -32.180     
42     4.601537500    -29.588     
43     4.601575000    -30.514     
44     4.601612500    -30.289     
45     4.601650000    -32.066     
46     4.601687500    -30.535     
47     4.601725000    -29.723     
48     4.601762500    -29.675     
49     4.601800000    -31.517     
50     4.601837500    -31.311     
51     4.601875000    -33.211     
52     4.601912500    -30.342     
53     4.601950000    -30.814     
54     4.601987500    -28.022     
55     4.602025000    -28.350     
56     4.602062500    -31.030     
57     4.602100000    -29.934     
58     4.602137500    -30.017     
59     4.602175000    -30.020     
60     4.602212500    -31.482     
61     4.602250000    -32.071     
62     4.602287500    -30.139     
63     4.602325000    -31.153     
64     4.602362500    -29.422     
65     4.602400000    -28.611     
66     4.602437500    -32.272     
67     4.602475000    -28.327     
68     4.602512500    -30.602     
69     4.602550000    -29.396     
70     4.602587500    -31.396     
71     4.602625000    -28.708     
72     4.602662500    -29.843     
73     4.602700000    -30.510     
74     4.602737500    -29.879     
75     4.602775000    -29.935     
76     4.602812500    -29.509     
77     4.602850000    -30.194     
78     4.602887500    -30.728     
79     4.602925000    -29.821     
80     4.602962500    -30.277     
81     4.603000000    -33.795     
82     4.603037500    -30.591     
83     4.603075000    -29.252     
84     4.603112500    -29.529     
85     4.603150000    -32.230     
86     4.603187500    -29.930     
87     4.603225000    -34.724     
88     4.603262500    -30.098     
89     4.603300000    -30.515     
90     4.603337500    -31.168     
91     4.603375000    -30.723     
92     4.603412500    -31.153     
93     4.603450000    -29.603     
94     4.603487500    -30.504     
95     4.603525000    -32.060     
96     4.603562500    -30.317     
97     4.603600000    -30.827     
98     4.603637500    -30.233     
99     4.603675000    -31.069     
100    4.603712500    -30.312     
101    4.603750000    -30.527     
102    4.603787500    -30.711     
103    4.603825000    -31.238     
104    4.603862500    -31.367     
105    4.603900000    -35.382     
106    4.603937500    -29.892     
107    4.603975000    -31.808     
108    4.604012500    -30.104     
109    4.604050000    -30.044     
110    4.604087500    -31.592     
111    4.604125000    -28.568     
112    4.604162500    -30.744     
113    4.604200000    -29.102     
114    4.604237500    -31.520     
115    4.604275000    -29.498     
116    4.604312500    -32.867     
117    4.604350000    -30.952     
118    4.604387500    -31.961     
119    4.604425000    -33.681     
120    4.604462500    -30.518     
121    4.604500000    -32.169     
122    4.604537500    -33.164     
123    4.604575000    -30.195     
124    4.604612500    -30.765     
125    4.604650000    -31.870     
126    4.604687500    -30.070     
127    4.604725000    -30.387     
128    4.604762500    -30.993     
129    4.604800000    -34.923     
130    4.604837500    -31.733     
131    4.604875000    -34.018     
132    4.604912500    -32.676     
133    4.604950000    -32.651     
134    4.604987500    -33.136     
135    4.605025000    -30.809     
136    4.605062500    -35.004     
137    4.605100000    -33.493     
138    4.605137500    -34.342     
139    4.605175000    -33.026     
140    4.605212500    -31.911     
141    4.605250000    -33.857     
142    4.605287500    -30.489     
143    4.605325000    -32.321     
144    4.605362500    -31.275     
145    4.605400000    -29.128     
146    4.605437500    -34.615     
147    4.605475000    -31.183     
148    4.605512500    -34.033     
149    4.605550000    -33.035     
150    4.605587500    -32.822     
151    4.605625000    -33.016     
152    4.605662500    -33.564     
153    4.605700000    -33.143     
154    4.605737500    -32.053     
155    4.605775000    -34.991     
156    4.605812500    -28.986     
157    4.605850000    -33.874     
158    4.605887500    -33.187     
159    4.605925000    -35.335     
160    4.605962500    -34.687     
161    4.606000000    -37.291     
162    4.606037500    -36.987     
163    4.606075000    -29.717     
164    4.606112500    -30.475     
165    4.606150000    -33.647     
166    4.606187500    -36.651     
167    4.606225000    -34.251     
168    4.606262500    -30.526     
169    4.606300000    -36.550     
170    4.606337500    -37.034     
171    4.606375000    -40.649     
172    4.606412500    -35.804     
173    4.606450000    -30.924     
174    4.606487500    -34.660     
175    4.606525000    -32.081     
176    4.606562500    -34.211     
177    4.606600000    -32.796     
178    4.606637500    -31.684     
179    4.606675000    -33.494     
180    4.606712500    -35.361     
181    4.606750000    -32.525     
182    4.606787500    -31.799     
183    4.606825000    -34.386     
184    4.606862500    -31.488     
185    4.606900000    -41.695     
186    4.606937500    -32.648     
187    4.606975000    -31.936     
188    4.607012500    -31.753     
189    4.607050000    -33.221     
190    4.607087500    -32.853     
191    4.607125000    -31.183     
192    4.607162500    -33.156     
193    4.607200000    -33.750     
194    4.607237500    -34.489     
195    4.607275000    -33.807     
196    4.607312500    -33.327     
197    4.607350000    -32.426     
198    4.607387500    -36.020     
199    4.607425000    -34.537     
200    4.607462500    -34.986     
201    4.607500000    -33.320     
202    4.607537500    -40.611     
203    4.607575000    -32.231     
204    4.607612500    -32.399     
205    4.607650000    -35.179     
206    4.607687500    -36.548     
207    4.607725000    -33.967     
208    4.607762500    -37.980     
209    4.607800000    -36.884     
210    4.607837500    -32.130     
211    4.607875000    -39.362     
212    4.607912500    -34.055     
213    4.607950000    -30.298     
214    4.607987500    -33.153     
215    4.608025000    -32.487     
216    4.608062500    -29.769     
217    4.608100000    -35.087     
218    4.608137500    -35.081     
219    4.608175000    -36.075     
220    4.608212500    -35.370     
221    4.608250000    -31.990     
222    4.608287500    -33.087     
223    4.608325000    -35.913     
224    4.608362500    -34.849     
225    4.608400000    -33.273     
226    4.608437500    -33.451     
227    4.608475000    -33.935     
228    4.608512500    -34.556     
229    4.608550000    -32.730     
230    4.608587500    -39.099     
231    4.608625000    -32.122     
232    4.608662500    -35.029     
233    4.608700000    -32.356     
234    4.608737500    -34.232     
235    4.608775000    -35.123     
236    4.608812500    -34.832     
237    4.608850000    -36.172     
238    4.608887500    -39.606     
239    4.608925000    -35.967     
240    4.608962500    -35.552     
241    4.609000000    -37.405     
242    4.609037500    -33.210     
243    4.609075000    -34.922     
244    4.609112500    -32.995     
245    4.609150000    -32.822     
246    4.609187500    -33.661     
247    4.609225000    -37.706     
248    4.609262500    -34.407     
249    4.609300000    -37.104     
250    4.609337500    -44.875     
251    4.609375000    -35.210     
252    4.609412500    -38.554     
253    4.609450000    -35.034     
254    4.609487500    -34.929     
255    4.609525000    -39.866     
256    4.609562500    -36.447     
257    4.609600000    -34.018     
258    4.609637500    -37.046     
259    4.609675000    -34.987     
260    4.609712500    -34.291     
261    4.609750000    -35.365     
262    4.609787500    -36.545     
263    4.609825000    -38.015     
264    4.609862500    -35.953     
265    4.609900000    -43.219     
266    4.609937500    -39.650     
267    4.609975000    -37.712     
268    4.610012500    -37.173     
269    4.610050000    -36.635     
270    4.610087500    -34.219     
271    4.610125000    -39.646     
272    4.610162500    -37.450     
273    4.610200000    -33.305     
274    4.610237500    -35.324     
275    4.610275000    -35.509     
276    4.610312500    -34.222     
277    4.610350000    -34.241     
278    4.610387500    -38.261     
279    4.610425000    -34.548     
280    4.610462500    -34.749     
281    4.610500000    -37.512     
282    4.610537500    -32.775     
283    4.610575000    -40.762     
284    4.610612500    -35.763     
285    4.610650000    -32.680     
286    4.610687500    -34.085     
287    4.610725000    -36.208     
288    4.610762500    -48.282     
289    4.610800000    -36.339     
290    4.610837500    -37.408     
291    4.610875000    -35.288     
292    4.610912500    -39.920     
293    4.610950000    -35.128     
294    4.610987500    -40.504     
295    4.611025000    -43.565     
296    4.611062500    -34.242     
297    4.611100000    -38.459     
298    4.611137500    -36.928     
299    4.611175000    -35.550     
300    4.611212500    -38.011     
301    4.611250000    -30.580     
302    4.611287500    -36.118     
303    4.611325000    -38.522     
304    4.611362500    -34.823     
305    4.611400000    -34.792     
306    4.611437500    -35.587     
307    4.611475000    -35.011     
308    4.611512500    -34.724     
309    4.611550000    -40.803     
310    4.611587500    -41.974     
311    4.611625000    -39.471     
312    4.611662500    -35.835     
313    4.611700000    -37.726     
314    4.611737500    -38.082     
315    4.611775000    -43.292     
316    4.611812500    -36.879     
317    4.611850000    -33.829     
318    4.611887500    -40.670     
319    4.611925000    -41.988     
320    4.611962500    -36.873     
321    4.612000000    -41.484     
322    4.612037500    -37.961     
323    4.612075000    -33.112     
324    4.612112500    -36.539     
325    4.612150000    -35.082     
326    4.612187500    -37.424     
327    4.612225000    -42.579     
328    4.612262500    -38.128     
329    4.612300000    -37.319     
330    4.612337500    -36.810     
331    4.612375000    -36.610     
332    4.612412500    -34.265     
333    4.612450000    -34.320     
334    4.612487500    -35.369     
335    4.612525000    -42.137     
336    4.612562500    -34.971     
337    4.612600000    -35.332     
338    4.612637500    -40.425     
339    4.612675000    -36.786     
340    4.612712500    -42.995     
341    4.612750000    -34.370     
342    4.612787500    -39.071     
343    4.612825000    -38.463     
344    4.612862500    -40.233     
345    4.612900000    -38.782     
346    4.612937500    -40.155     
347    4.612975000    -41.534     
348    4.613012500    -41.329     
349    4.613050000    -45.813     
350    4.613087500    -32.996     
351    4.613125000    -49.842     
352    4.613162500    -35.914     
353    4.613200000    -53.443     
354    4.613237500    -46.493     
355    4.613275000    -37.071     
356    4.613312500    -36.745     
357    4.613350000    -36.722     
358    4.613387500    -37.828     
359    4.613425000    -47.497     
360    4.613462500    -34.876     
361    4.613500000    -39.376     
362    4.613537500    -38.998     
363    4.613575000    -38.853     
364    4.613612500    -36.363     
365    4.613650000    -38.438     
366    4.613687500    -35.413     
367    4.613725000    -44.212     
368    4.613762500    -41.297     
369    4.613800000    -34.664     
370    4.613837500    -45.736     
371    4.613875000    -44.536     
372    4.613912500    -43.148     
373    4.613950000    -39.018     
374    4.613987500    -41.997     
375    4.614025000    -37.153     
376    4.614062500    -40.441     
377    4.614100000    -65.261     
378    4.614137500    -42.384     
379    4.614175000    -47.804     
380    4.614212500    -38.759     
381    4.614250000    -40.350     
382    4.614287500    -40.004     
383    4.614325000    -39.901     
384    4.614362500    -51.213     
385    4.614400000    -39.963     
386    4.614437500    -36.314     
387    4.614475000    -42.887     
388    4.614512500    -47.599     
389    4.614550000    -44.245     
390    4.614587500    -40.828     
391    4.614625000    -40.284     
392    4.614662500    -39.674     
393    4.614700000    -40.838     
394    4.614737500    -38.582     
395    4.614775000    -40.499     
396    4.614812500    -39.730     
397    4.614850000    -66.824     
398    4.614887500    -44.865     
399    4.614925000    -41.348     
400    4.614962500    -38.854     
401    4.615000000    -41.731     
402    4.615037500    -51.342     
403    4.615075000    -41.186     
404    4.615112500    -59.458     
405    4.615150000    -55.431     
406    4.615187500    -44.245     
407    4.615225000    -46.007     
408    4.615262500    -42.875     
409    4.615300000    -46.410     
410    4.615337500    -54.631     
411    4.615375000    -44.473     
412    4.615412500    -47.288     
413    4.615450000    -45.679     
414    4.615487500    -46.948     
415    4.615525000    -44.059     
416    4.615562500    -41.452     
417    4.615600000    -43.528     
418    4.615637500    -41.326     
419    4.615675000    -40.059     
420    4.615712500    -45.946     
421    4.615750000    -50.232     
422    4.615787500    -46.162     
423    4.615825000    -42.653     
424    4.615862500    -40.397     
425    4.615900000    -49.003     
426    4.615937500    -41.627     
427    4.615975000    -50.723     
428    4.616012500    -44.130     
429    4.616050000    -40.221     
430    4.616087500    -50.903     
431    4.616125000    -48.286     
432    4.616162500    -52.645     
433    4.616200000    -42.800     
434    4.616237500    -45.482     
435    4.616275000    -48.233     
436    4.616312500    -41.106     
437    4.616350000    -39.662     
438    4.616387500    -41.751     
439    4.616425000    -45.269     
440    4.616462500    -49.853     
441    4.616500000    -44.481     
442    4.616537500    -37.409     
443    4.616575000    -41.293     
444    4.616612500    -46.089     
445    4.616650000    -48.105     
446    4.616687500    -44.984     
447    4.616725000    -37.191     
448    4.616762500    -38.423     
449    4.616800000    -36.373     
450    4.616837500    -40.923     
451    4.616875000    -55.373     
452    4.616912500    -44.011     
453    4.616950000    -52.930     
454    4.616987500    -53.672     
455    4.617025000    -36.162     
456    4.617062500    -53.488     
457    4.617100000    -43.893     
458    4.617137500    -49.866     
459    4.617175000    -41.284     
460    4.617212500    -38.773     
461    4.617250000    -44.105     
462    4.617287500    -50.702     
463    4.617325000    -42.575     
464    4.617362500    -38.930     
465    4.617400000    -45.657     
466    4.617437500    -41.707     
467    4.617475000    -53.064     
468    4.617512500    -38.054     
469    4.617550000    -41.629     
470    4.617587500    -48.834     
471    4.617625000    -42.479     
472    4.617662500    -36.714     
473    4.617700000    -40.337     
474    4.617737500    -40.309     
475    4.617775000    -36.354     
476    4.617812500    -44.323     
477    4.617850000    -63.417     
478    4.617887500    -42.153     
479    4.617925000    -41.507     
480    4.617962500    -37.025     
481    4.618000000    -36.100     
482    4.618037500    -45.606     
483    4.618075000    -36.687     
484    4.618112500    -36.790     
485    4.618150000    -39.921     
486    4.618187500    -37.483     
487    4.618225000    -41.259     
488    4.618262500    -41.363     
489    4.618300000    -34.822     
490    4.618337500    -37.240     
491    4.618375000    -38.721     
492    4.618412500    -34.865     
493    4.618450000    -38.761     
494    4.618487500    -41.879     
495    4.618525000    -37.831     
496    4.618562500    -34.859     
497    4.618600000    -39.127     
498    4.618637500    -38.086     
499    4.618675000    -40.114     
500    4.618712500    -43.309     
501    4.618750000    -40.077     
502    4.618787500    -41.343     
503    4.618825000    -33.596     
504    4.618862500    -37.775     
505    4.618900000    -38.242     
506    4.618937500    -36.194     
507    4.618975000    -35.032     
508    4.619012500    -35.223     
509    4.619050000    -34.099     
510    4.619087500    -31.819     
511    4.619125000    -36.536     
512    4.619162500    -34.284     
513    4.619200000    -35.238     
514    4.619237500    -32.430     
515    4.619275000    -38.390     
516    4.619312500    -32.979     
517    4.619350000    -34.769     
518    4.619387500    -36.638     
519    4.619425000    -34.896     
520    4.619462500    -34.572     
521    4.619500000    -32.853     
522    4.619537500    -35.893     
523    4.619575000    -31.308     
524    4.619612500    -33.796     
525    4.619650000    -32.261     
526    4.619687500    -35.718     
527    4.619725000    -33.260     
528    4.619762500    -31.135     
529    4.619800000    -31.643     
530    4.619837500    -30.369     
531    4.619875000    -34.084     
532    4.619912500    -34.287     
533    4.619950000    -32.567     
534    4.619987500    -33.450     
535    4.620025000    -32.433     
536    4.620062500    -31.868     
537    4.620100000    -30.613     
538    4.620137500    -32.553     
539    4.620175000    -33.469     
540    4.620212500    -30.493     
541    4.620250000    -33.097     
542    4.620287500    -30.126     
543    4.620325000    -31.747     
544    4.620362500    -32.671     
545    4.620400000    -30.128     
546    4.620437500    -32.775     
547    4.620475000    -31.291     
548    4.620512500    -32.061     
549    4.620550000    -31.182     
550    4.620587500    -29.432     
551    4.620625000    -30.112     
552    4.620662500    -29.492     
553    4.620700000    -29.977     
554    4.620737500    -30.489     
555    4.620775000    -31.821     
556    4.620812500    -30.404     
557    4.620850000    -28.607     
558    4.620887500    -30.747     
559    4.620925000    -31.104     
560    4.620962500    -29.897     
561    4.621000000    -30.903     
562    4.621037500    -29.233     
563    4.621075000    -29.662     
564    4.621112500    -30.714     
565    4.621150000    -30.408     
566    4.621187500    -28.433     
567    4.621225000    -29.447     
568    4.621262500    -29.951     
569    4.621300000    -28.714     
570    4.621337500    -27.418     
571    4.621375000    -29.458     
572    4.621412500    -29.090     
573    4.621450000    -29.161     
574    4.621487500    -27.157     
575    4.621525000    -27.997     
576    4.621562500    -26.971     
577    4.621600000    -28.020     
578    4.621637500    -28.444     
579    4.621675000    -28.457     
580    4.621712500    -27.422     
581    4.621750000    -29.055     
582    4.621787500    -27.806     
583    4.621825000    -25.856     
584    4.621862500    -26.226     
585    4.621900000    -27.263     
586    4.621937500    -26.328     
587    4.621975000    -27.272     
588    4.622012500    -27.488     
589    4.622050000    -26.048     
590    4.622087500    -26.508     
591    4.622125000    -25.488     
592    4.622162500    -26.767     
593    4.622200000    -27.288     
594    4.622237500    -26.183     
595    4.622275000    -24.094     
596    4.622312500    -26.380     
597    4.622350000    -26.434     
598    4.622387500    -25.474     
599    4.622425000    -24.355     
600    4.622462500    -24.808     
601    4.622500000    -27.588     
602    4.622537500    -26.162     
603    4.622575000    -24.973     
604    4.622612500    -24.843     
605    4.622650000    -24.082     
606    4.622687500    -24.774     
607    4.622725000    -23.838     
608    4.622762500    -25.718     
609    4.622800000    -25.328     
610    4.622837500    -23.742     
611    4.622875000    -23.592     
612    4.622912500    -24.277     
613    4.622950000    -23.927     
614    4.622987500    -23.456     
615    4.623025000    -24.143     
616    4.623062500    -23.072     
617    4.623100000    -24.220     
618    4.623137500    -23.776     
619    4.623175000    -24.104     
620    4.623212500    -23.536     
621    4.623250000    -22.465     
622    4.623287500    -23.274     
623    4.623325000    -23.074     
624    4.623362500    -22.104     
625    4.623400000    -22.124     
626    4.623437500    -21.893     
627    4.623475000    -21.870     
628    4.623512500    -22.496     
629    4.623550000    -22.458     
630    4.623587500    -22.274     
631    4.623625000    -22.241     
632    4.623662500    -22.581     
633    4.623700000    -21.059     
634    4.623737500    -22.331     
635    4.623775000    -21.165     
636    4.623812500    -22.772     
637    4.623850000    -20.836     
638    4.623887500    -21.484     
639    4.623925000    -20.961     
640    4.623962500    -20.852     
641    4.624000000    -20.764     
642    4.624037500    -19.983     
643    4.624075000    -20.924     
644    4.624112500    -20.468     
645    4.624150000    -20.451     
646    4.624187500    -20.092     
647    4.624225000    -19.767     
648    4.624262500    -19.764     
649    4.624300000    -20.469     
650    4.624337500    -19.585     
651    4.624375000    -18.760     
652    4.624412500    -18.593     
653    4.624450000    -19.200     
654    4.624487500    -19.080     
655    4.624525000    -19.413     
656    4.624562500    -19.085     
657    4.624600000    -19.256     
658    4.624637500    -18.507     
659    4.624675000    -19.046     
660    4.624712500    -18.764     
661    4.624750000    -18.050     
662    4.624787500    -18.467     
663    4.624825000    -17.743     
664    4.624862500    -17.821     
665    4.624900000    -18.144     
666    4.624937500    -17.932     
667    4.624975000    -17.491     
668    4.625012500    -17.245     
669    4.625050000    -16.905     
670    4.625087500    -16.923     
671    4.625125000    -16.933     
672    4.625162500    -16.820     
673    4.625200000    -17.026     
674    4.625237500    -16.389     
675    4.625275000    -16.378     
676    4.625312500    -17.567     
677    4.625350000    -16.079     
678    4.625387500    -16.147     
679    4.625425000    -15.743     
680    4.625462500    -15.872     
681    4.625500000    -16.013     
682    4.625537500    -15.411     
683    4.625575000    -15.392     
684    4.625612500    -15.571     
685    4.625650000    -15.234     
686    4.625687500    -15.231     
687    4.625725000    -15.006     
688    4.625762500    -14.923     
689    4.625800000    -14.607     
690    4.625837500    -14.651     
691    4.625875000    -14.253     
692    4.625912500    -14.388     
693    4.625950000    -14.249     
694    4.625987500    -14.309     
695    4.626025000    -13.992     
696    4.626062500    -14.082     
697    4.626100000    -13.798     
698    4.626137500    -13.588     
699    4.626175000    -13.494     
700    4.626212500    -13.163     
701    4.626250000    -13.415     
702    4.626287500    -13.410     
703    4.626325000    -13.190     
704    4.626362500    -12.739     
705    4.626400000    -12.940     
706    4.626437500    -12.711     
707    4.626475000    -12.968     
708    4.626512500    -12.600     
709    4.626550000    -12.517     
710    4.626587500    -12.387     
711    4.626625000    -12.520     
712    4.626662500    -12.237     
713    4.626700000    -12.158     
714    4.626737500    -11.929     
715    4.626775000    -12.216     
716    4.626812500    -11.974     
717    4.626850000    -12.003     
718    4.626887500    -11.860     
719    4.626925000    -12.189     
720    4.626962500    -12.106     
721    4.627000000    -12.079     
722    4.627037500    -11.995     
723    4.627075000    -12.076     
724    4.627112500    -12.243     
725    4.627150000    -11.877     
726    4.627187500    -12.207     
727    4.627225000    -11.699     
728    4.627262500    -11.834     
729    4.627300000    -12.136     
730    4.627337500    -11.745     
731    4.627375000    -12.044     
732    4.627412500    -11.967     
733    4.627450000    -12.053     
734    4.627487500    -12.468     
735    4.627525000    -11.910     
736    4.627562500    -11.919     
737    4.627600000    -12.143     
738    4.627637500    -12.243     
739    4.627675000    -12.189     
740    4.627712500    -12.079     
741    4.627750000    -12.133     
742    4.627787500    -12.376     
743    4.627825000    -12.627     
744    4.627862500    -12.421     
745    4.627900000    -12.884     
746    4.627937500    -13.437     
747    4.627975000    -12.609     
748    4.628012500    -12.713     
749    4.628050000    -12.684     
750    4.628087500    -12.982     
751    4.628125000    -12.944     
752    4.628162500    -13.330     
753    4.628200000    -13.296     
754    4.628237500    -13.449     
755    4.628275000    -13.341     
756    4.628312500    -13.331     
757    4.628350000    -13.374     
758    4.628387500    -13.522     
759    4.628425000    -13.442     
760    4.628462500    -13.818     
761    4.628500000    -13.817     
762    4.628537500    -13.849     
763    4.628575000    -13.756     
764    4.628612500    -13.925     
765    4.628650000    -14.145     
766    4.628687500    -14.065     
767    4.628725000    -14.264     
768    4.628762500    -14.422     
769    4.628800000    -14.498     
770    4.628837500    -14.443     
771    4.628875000    -14.609     
772    4.628912500    -14.916     
773    4.628950000    -14.511     
774    4.628987500    -14.573     
775    4.629025000    -15.276     
776    4.629062500    -14.652     
777    4.629100000    -15.188     
778    4.629137500    -14.937     
779    4.629175000    -15.190     
780    4.629212500    -15.109     
781    4.629250000    -15.357     
782    4.629287500    -15.618     
783    4.629325000    -15.495     
784    4.629362500    -15.139     
785    4.629400000    -15.580     
786    4.629437500    -15.603     
787    4.629475000    -16.036     
788    4.629512500    -15.969     
789    4.629550000    -16.111     
790    4.629587500    -15.811     
791    4.629625000    -16.443     
792    4.629662500    -16.032     
793    4.629700000    -16.527     
794    4.629737500    -16.640     
795    4.629775000    -16.164     
796    4.629812500    -16.172     
797    4.629850000    -16.658     
798    4.629887500    -16.322     
799    4.629925000    -16.502     
800    4.629962500    -16.740     
801    4.630000000    -16.740     
802    4.630037500    -17.169     
803    4.630075000    -16.392     
804    4.630112500    -16.810     
805    4.630150000    -16.615     
806    4.630187500    -16.934     
807    4.630225000    -16.860     
808    4.630262500    -17.521     
809    4.630300000    -17.797     
810    4.630337500    -17.315     
811    4.630375000    -17.554     
812    4.630412500    -17.223     
813    4.630450000    -17.482     
814    4.630487500    -17.265     
815    4.630525000    -17.814     
816    4.630562500    -17.750     
817    4.630600000    -17.412     
818    4.630637500    -18.570     
819    4.630675000    -17.698     
820    4.630712500    -17.757     
821    4.630750000    -18.323     
822    4.630787500    -17.789     
823    4.630825000    -18.435     
824    4.630862500    -18.241     
825    4.630900000    -18.370     
826    4.630937500    -17.891     
827    4.630975000    -18.525     
828    4.631012500    -18.114     
829    4.631050000    -18.111     
830    4.631087500    -18.987     
831    4.631125000    -18.367     
832    4.631162500    -18.500     
833    4.631200000    -18.162     
834    4.631237500    -18.729     
835    4.631275000    -19.111     
836    4.631312500    -17.990     
837    4.631350000    -18.588     
838    4.631387500    -18.741     
839    4.631425000    -19.582     
840    4.631462500    -18.614     
841    4.631500000    -19.159     
842    4.631537500    -18.862     
843    4.631575000    -18.812     
844    4.631612500    -18.819     
845    4.631650000    -18.598     
846    4.631687500    -19.651     
847    4.631725000    -19.077     
848    4.631762500    -18.861     
849    4.631800000    -19.034     
850    4.631837500    -18.781     
851    4.631875000    -19.145     
852    4.631912500    -19.775     
853    4.631950000    -19.787     
854    4.631987500    -19.051     
855    4.632025000    -19.150     
856    4.632062500    -19.658     
857    4.632100000    -20.257     
858    4.632137500    -19.617     
859    4.632175000    -20.831     
860    4.632212500    -19.751     
861    4.632250000    -19.712     
862    4.632287500    -19.596     
863    4.632325000    -19.912     
864    4.632362500    -20.722     
865    4.632400000    -20.168     
866    4.632437500    -19.353     
867    4.632475000    -20.131     
868    4.632512500    -20.093     
869    4.632550000    -20.426     
870    4.632587500    -19.597     
871    4.632625000    -19.697     
872    4.632662500    -20.354     
873    4.632700000    -19.718     
874    4.632737500    -20.060     
875    4.632775000    -19.876     
876    4.632812500    -20.184     
877    4.632850000    -19.677     
878    4.632887500    -20.585     
879    4.632925000    -20.697     
880    4.632962500    -20.527     
881    4.633000000    -20.385     
882    4.633037500    -20.847     
883    4.633075000    -20.259     
884    4.633112500    -20.348     
885    4.633150000    -20.766     
886    4.633187500    -20.649     
887    4.633225000    -20.671     
888    4.633262500    -21.048     
889    4.633300000    -20.991     
890    4.633337500    -21.262     
891    4.633375000    -20.867     
892    4.633412500    -20.809     
893    4.633450000    -20.631     
894    4.633487500    -20.680     
895    4.633525000    -21.429     
896    4.633562500    -21.653     
897    4.633600000    -21.317     
898    4.633637500    -21.106     
899    4.633675000    -20.782     
900    4.633712500    -21.258     
901    4.633750000    -21.584     
902    4.633787500    -21.134     
903    4.633825000    -20.979     
904    4.633862500    -20.736     
905    4.633900000    -20.860     
906    4.633937500    -21.100     
907    4.633975000    -20.782     
908    4.634012500    -21.718     
909    4.634050000    -21.029     
910    4.634087500    -20.757     
911    4.634125000    -21.612     
912    4.634162500    -21.513     
913    4.634200000    -21.085     
914    4.634237500    -21.429     
915    4.634275000    -21.696     
916    4.634312500    -20.682     
917    4.634350000    -21.453     
918    4.634387500    -20.956     
919    4.634425000    -21.622     
920    4.634462500    -21.469     
921    4.634500000    -22.347     
922    4.634537500    -22.725     
923    4.634575000    -22.199     
924    4.634612500    -21.730     
925    4.634650000    -21.360     
926    4.634687500    -21.116     
927    4.634725000    -22.502     
928    4.634762500    -22.095     
929    4.634800000    -21.254     
930    4.634837500    -21.661     
931    4.634875000    -21.737     
932    4.634912500    -21.572     
933    4.634950000    -22.546     
934    4.634987500    -21.950     
935    4.635025000    -21.564     
936    4.635062500    -21.496     
937    4.635100000    -21.834     
938    4.635137500    -21.997     
939    4.635175000    -22.446     
940    4.635212500    -21.645     
941    4.635250000    -19.868     
942    4.635287500    -20.097     
943    4.635325000    -20.500     
944    4.635362500    -20.745     
945    4.635400000    -20.678     
946    4.635437500    -20.459     
947    4.635475000    -20.812     
948    4.635512500    -19.893     
949    4.635550000    -19.712     
950    4.635587500    -20.334     
951    4.635625000    -19.982     
952    4.635662500    -19.983     
953    4.635700000    -20.315     
954    4.635737500    -20.807     
955    4.635775000    -21.267     
956    4.635812500    -20.779     
957    4.635850000    -20.606     
958    4.635887500    -21.073     
959    4.635925000    -20.749     
960    4.635962500    -19.987     
961    4.636000000    -21.316     
962    4.636037500    -20.316     
963    4.636075000    -21.438     
964    4.636112500    -20.800     
965    4.636150000    -20.973     
966    4.636187500    -20.924     
967    4.636225000    -20.661     
968    4.636262500    -21.188     
969    4.636300000    -21.438     
970    4.636337500    -20.924     
971    4.636375000    -20.634     
972    4.636412500    -20.509     
973    4.636450000    -21.150     
974    4.636487500    -21.183     
975    4.636525000    -21.197     
976    4.636562500    -21.466     
977    4.636600000    -21.307     
978    4.636637500    -21.650     
979    4.636675000    -21.552     
980    4.636712500    -21.685     
981    4.636750000    -21.310     
982    4.636787500    -22.345     
983    4.636825000    -21.075     
984    4.636862500    -21.683     
985    4.636900000    -21.306     
986    4.636937500    -21.101     
987    4.636975000    -22.242     
988    4.637012500    -21.513     
989    4.637050000    -21.159     
990    4.637087500    -21.459     
991    4.637125000    -22.198     
992    4.637162500    -21.729     
993    4.637200000    -21.883     
994    4.637237500    -21.463     
995    4.637275000    -22.250     
996    4.637312500    -21.204     
997    4.637350000    -21.497     
998    4.637387500    -21.544     
999    4.637425000    -21.976     
1000   4.637462500    -21.816     
1001   4.637500000    -23.055     
1002   4.637537500    -21.168     
1003   4.637575000    -22.284     
1004   4.637612500    -21.885     
1005   4.637650000    -23.028     
1006   4.637687500    -22.072     
1007   4.637725000    -22.465     
1008   4.637762500    -21.579     
1009   4.637800000    -22.234     
1010   4.637837500    -22.785     
1011   4.637875000    -21.516     
1012   4.637912500    -21.970     
1013   4.637950000    -21.831     
1014   4.637987500    -22.479     
1015   4.638025000    -21.906     
1016   4.638062500    -22.516     
1017   4.638100000    -23.060     
1018   4.638137500    -22.983     
1019   4.638175000    -22.056     
1020   4.638212500    -21.876     
1021   4.638250000    -21.185     
1022   4.638287500    -22.939     
1023   4.638325000    -21.981     
1024   4.638362500    -22.837     
1025   4.638400000    -22.777     
1026   4.638437500    -22.269     
1027   4.638475000    -22.923     
1028   4.638512500    -22.349     
1029   4.638550000    -22.361     
1030   4.638587500    -22.141     
1031   4.638625000    -22.180     
1032   4.638662500    -22.283     
1033   4.638700000    -23.563     
1034   4.638737500    -23.374     
1035   4.638775000    -22.953     
1036   4.638812500    -23.083     
1037   4.638850000    -22.702     
1038   4.638887500    -22.294     
1039   4.638925000    -22.345     
1040   4.638962500    -23.305     
1041   4.639000000    -22.322     
1042   4.639037500    -23.681     
1043   4.639075000    -22.581     
1044   4.639112500    -22.122     
1045   4.639150000    -23.269     
1046   4.639187500    -22.458     
1047   4.639225000    -22.939     
1048   4.639262500    -22.597     
1049   4.639300000    -22.980     
1050   4.639337500    -21.885     
1051   4.639375000    -22.885     
1052   4.639412500    -22.456     
1053   4.639450000    -23.855     
1054   4.639487500    -21.909     
1055   4.639525000    -23.611     
1056   4.639562500    -23.039     
1057   4.639600000    -22.744     
1058   4.639637500    -24.106     
1059   4.639675000    -23.363     
1060   4.639712500    -24.046     
1061   4.639750000    -22.104     
1062   4.639787500    -22.345     
1063   4.639825000    -22.713     
1064   4.639862500    -21.854     
1065   4.639900000    -23.050     
1066   4.639937500    -23.119     
1067   4.639975000    -23.560     
1068   4.640012500    -22.874     
1069   4.640050000    -23.438     
1070   4.640087500    -22.542     
1071   4.640125000    -23.641     
1072   4.640162500    -22.949     
1073   4.640200000    -23.889     
1074   4.640237500    -22.834     
1075   4.640275000    -23.637     
1076   4.640312500    -22.784     
1077   4.640350000    -23.720     
1078   4.640387500    -22.901     
1079   4.640425000    -23.930     
1080   4.640462500    -24.099     
1081   4.640500000    -23.119     
1082   4.640537500    -23.143     
1083   4.640575000    -23.763     
1084   4.640612500    -24.129     
1085   4.640650000    -23.532     
1086   4.640687500    -23.336     
1087   4.640725000    -23.540     
1088   4.640762500    -24.151     
1089   4.640800000    -23.207     
1090   4.640837500    -23.774     
1091   4.640875000    -23.318     
1092   4.640912500    -23.165     
1093   4.640950000    -23.282     
1094   4.640987500    -23.727     
1095   4.641025000    -23.623     
1096   4.641062500    -24.504     
1097   4.641100000    -23.628     
1098   4.641137500    -22.580     
1099   4.641175000    -23.747     
1100   4.641212500    -23.416     
1101   4.641250000    -24.688     
1102   4.641287500    -24.720     
1103   4.641325000    -22.678     
1104   4.641362500    -23.178     
1105   4.641400000    -22.891     
1106   4.641437500    -22.914     
1107   4.641475000    -23.601     
1108   4.641512500    -24.461     
1109   4.641550000    -23.389     
1110   4.641587500    -22.533     
1111   4.641625000    -23.095     
1112   4.641662500    -23.626     
1113   4.641700000    -23.079     
1114   4.641737500    -23.056     
1115   4.641775000    -24.110     
1116   4.641812500    -23.606     
1117   4.641850000    -23.909     
1118   4.641887500    -24.144     
1119   4.641925000    -22.883     
1120   4.641962500    -25.307     
1121   4.642000000    -24.192     
1122   4.642037500    -22.877     
1123   4.642075000    -24.352     
1124   4.642112500    -24.649     
1125   4.642150000    -23.898     
1126   4.642187500    -23.485     
1127   4.642225000    -23.037     
1128   4.642262500    -24.242     
1129   4.642300000    -25.374     
1130   4.642337500    -23.500     
1131   4.642375000    -23.915     
1132   4.642412500    -24.245     
1133   4.642450000    -24.718     
1134   4.642487500    -23.146     
1135   4.642525000    -23.475     
1136   4.642562500    -24.157     
1137   4.642600000    -23.923     
1138   4.642637500    -24.113     
1139   4.642675000    -23.726     
1140   4.642712500    -22.753     
1141   4.642750000    -24.797     
1142   4.642787500    -25.619     
1143   4.642825000    -24.338     
1144   4.642862500    -24.579     
1145   4.642900000    -24.680     
1146   4.642937500    -24.836     
1147   4.642975000    -23.932     
1148   4.643012500    -24.560     
1149   4.643050000    -23.817     
1150   4.643087500    -24.650     
1151   4.643125000    -24.069     
1152   4.643162500    -24.031     
1153   4.643200000    -24.556     
1154   4.643237500    -25.261     
1155   4.643275000    -24.215     
1156   4.643312500    -24.958     
1157   4.643350000    -25.397     
1158   4.643387500    -23.505     
1159   4.643425000    -24.441     
1160   4.643462500    -26.031     
1161   4.643500000    -23.899     
1162   4.643537500    -23.562     
1163   4.643575000    -25.079     
1164   4.643612500    -24.505     
1165   4.643650000    -24.882     
1166   4.643687500    -24.131     
1167   4.643725000    -24.573     
1168   4.643762500    -26.089     
1169   4.643800000    -25.465     
1170   4.643837500    -25.535     
1171   4.643875000    -24.897     
1172   4.643912500    -23.331     
1173   4.643950000    -24.211     
1174   4.643987500    -25.003     
1175   4.644025000    -23.554     
1176   4.644062500    -24.339     
1177   4.644100000    -24.428     
1178   4.644137500    -23.173     
1179   4.644175000    -24.763     
1180   4.644212500    -25.874     
1181   4.644250000    -24.374     
1182   4.644287500    -24.723     
1183   4.644325000    -25.042     
1184   4.644362500    -24.774     
1185   4.644400000    -23.227     
1186   4.644437500    -26.535     
1187   4.644475000    -24.089     
1188   4.644512500    -24.898     
1189   4.644550000    -25.169     
1190   4.644587500    -26.221     
1191   4.644625000    -24.194     
1192   4.644662500    -24.960     
1193   4.644700000    -24.786     
1194   4.644737500    -24.090     
1195   4.644775000    -24.434     
1196   4.644812500    -25.443     
1197   4.644850000    -25.179     
1198   4.644887500    -24.264     
1199   4.644925000    -25.080     
1200   4.644962500    -24.092     
1201   4.645000000    -25.599     
1202   4.645037500    -25.115     
1203   4.645075000    -24.223     
1204   4.645112500    -23.176     
1205   4.645150000    -25.021     
1206   4.645187500    -25.874     
1207   4.645225000    -24.724     
1208   4.645262500    -25.856     
1209   4.645300000    -25.807     
1210   4.645337500    -25.273     
1211   4.645375000    -25.425     
1212   4.645412500    -24.066     
1213   4.645450000    -24.713     
1214   4.645487500    -24.000     
1215   4.645525000    -25.123     
1216   4.645562500    -23.990     
1217   4.645600000    -24.261     
1218   4.645637500    -25.892     
1219   4.645675000    -24.413     
1220   4.645712500    -25.203     
1221   4.645750000    -25.508     
1222   4.645787500    -24.234     
1223   4.645825000    -25.165     
1224   4.645862500    -25.300     
1225   4.645900000    -24.207     
1226   4.645937500    -24.232     
1227   4.645975000    -25.503     
1228   4.646012500    -25.142     
1229   4.646050000    -26.262     
1230   4.646087500    -25.933     
1231   4.646125000    -25.299     
1232   4.646162500    -24.742     
1233   4.646200000    -25.787     
1234   4.646237500    -24.982     
1235   4.646275000    -24.673     
1236   4.646312500    -24.947     
1237   4.646350000    -26.189     
1238   4.646387500    -25.639     
1239   4.646425000    -26.891     
1240   4.646462500    -25.420     
1241   4.646500000    -27.322     
1242   4.646537500    -25.388     
1243   4.646575000    -25.673     
1244   4.646612500    -24.739     
1245   4.646650000    -25.237     
1246   4.646687500    -26.215     
1247   4.646725000    -25.642     
1248   4.646762500    -26.319     
1249   4.646800000    -26.356     
1250   4.646837500    -27.034     
1251   4.646875000    -25.874     
1252   4.646912500    -24.761     
1253   4.646950000    -27.200     
1254   4.646987500    -26.739     
1255   4.647025000    -26.366     
1256   4.647062500    -26.081     
1257   4.647100000    -24.873     
1258   4.647137500    -25.372     
1259   4.647175000    -26.652     
1260   4.647212500    -25.462     
1261   4.647250000    -27.172     
1262   4.647287500    -24.910     
1263   4.647325000    -25.226     
1264   4.647362500    -24.577     
1265   4.647400000    -26.647     
1266   4.647437500    -25.240     
1267   4.647475000    -25.171     
1268   4.647512500    -26.285     
1269   4.647550000    -25.036     
1270   4.647587500    -25.225     
1271   4.647625000    -27.086     
1272   4.647662500    -26.048     
1273   4.647700000    -25.924     
1274   4.647737500    -26.654     
1275   4.647775000    -24.904     
1276   4.647812500    -27.120     
1277   4.647850000    -25.666     
1278   4.647887500    -26.203     
1279   4.647925000    -24.451     
1280   4.647962500    -25.997     
1281   4.648000000    -25.509     
1282   4.648037500    -25.701     
1283   4.648075000    -26.707     
1284   4.648112500    -25.285     
1285   4.648150000    -26.300     
1286   4.648187500    -25.541     
1287   4.648225000    -25.632     
1288   4.648262500    -26.411     
1289   4.648300000    -26.066     
1290   4.648337500    -25.705     
1291   4.648375000    -25.900     
1292   4.648412500    -25.301     
1293   4.648450000    -26.130     
1294   4.648487500    -26.559     
1295   4.648525000    -25.912     
1296   4.648562500    -25.693     
1297   4.648600000    -24.650     
1298   4.648637500    -25.354     
1299   4.648675000    -26.257     
1300   4.648712500    -26.699     
1301   4.648750000    -26.979     
1302   4.648787500    -27.802     
1303   4.648825000    -24.910     
1304   4.648862500    -27.139     
1305   4.648900000    -25.191     
1306   4.648937500    -26.740     
1307   4.648975000    -25.844     
1308   4.649012500    -24.938     
1309   4.649050000    -25.915     
1310   4.649087500    -25.385     
1311   4.649125000    -26.745     
1312   4.649162500    -26.104     
1313   4.649200000    -25.812     
1314   4.649237500    -27.336     
1315   4.649275000    -25.095     
1316   4.649312500    -25.516     
1317   4.649350000    -25.517     
1318   4.649387500    -26.534     
1319   4.649425000    -24.753     
1320   4.649462500    -25.549     
1321   4.649500000    -26.463     
1322   4.649537500    -25.364     
1323   4.649575000    -24.576     
1324   4.649612500    -26.495     
1325   4.649650000    -27.511     
1326   4.649687500    -26.216     
1327   4.649725000    -26.597     
1328   4.649762500    -26.257     
1329   4.649800000    -26.403     
1330   4.649837500    -25.976     
1331   4.649875000    -26.775     
1332   4.649912500    -25.148     
1333   4.649950000    -26.090     
1334   4.649987500    -25.616     
1335   4.650025000    -26.127     
1336   4.650062500    -26.310     
1337   4.650100000    -24.976     
1338   4.650137500    -26.970     
1339   4.650175000    -26.678     
1340   4.650212500    -26.180     
1341   4.650250000    -25.726     
1342   4.650287500    -25.673     
1343   4.650325000    -25.549     
1344   4.650362500    -26.248     
1345   4.650400000    -26.046     
1346   4.650437500    -25.388     
1347   4.650475000    -28.623     
1348   4.650512500    -25.491     
1349   4.650550000    -26.183     
1350   4.650587500    -25.038     
1351   4.650625000    -27.018     
1352   4.650662500    -26.612     
1353   4.650700000    -27.646     
1354   4.650737500    -27.323     
1355   4.650775000    -26.643     
1356   4.650812500    -24.916     
1357   4.650850000    -26.858     
1358   4.650887500    -27.981     
1359   4.650925000    -26.263     
1360   4.650962500    -26.514     
1361   4.651000000    -25.996     
1362   4.651037500    -27.467     
1363   4.651075000    -25.895     
1364   4.651112500    -27.254     
1365   4.651150000    -26.874     
1366   4.651187500    -26.011     
1367   4.651225000    -26.408     
1368   4.651262500    -25.990     
1369   4.651300000    -26.636     
1370   4.651337500    -27.074     
1371   4.651375000    -25.845     
1372   4.651412500    -28.100     
1373   4.651450000    -26.539     
1374   4.651487500    -25.578     
1375   4.651525000    -27.206     
1376   4.651562500    -27.015     
1377   4.651600000    -25.746     
1378   4.651637500    -25.206     
1379   4.651675000    -26.608     
1380   4.651712500    -26.637     
1381   4.651750000    -26.426     
1382   4.651787500    -25.636     
1383   4.651825000    -27.874     
1384   4.651862500    -26.861     
1385   4.651900000    -27.248     
1386   4.651937500    -26.274     
1387   4.651975000    -25.674     
1388   4.652012500    -26.712     
1389   4.652050000    -25.237     
1390   4.652087500    -27.195     
1391   4.652125000    -27.030     
1392   4.652162500    -26.660     
1393   4.652200000    -26.855     
1394   4.652237500    -27.113     
1395   4.652275000    -28.255     
1396   4.652312500    -25.697     
1397   4.652350000    -26.464     
1398   4.652387500    -26.773     
1399   4.652425000    -27.241     
1400   4.652462500    -26.271     
1401   4.652500000    -26.060     
1402   4.652537500    -25.862     
1403   4.652575000    -25.452     
1404   4.652612500    -26.187     
1405   4.652650000    -26.914     
1406   4.652687500    -26.389     
1407   4.652725000    -26.226     
1408   4.652762500    -26.345     
1409   4.652800000    -27.066     
1410   4.652837500    -27.148     
1411   4.652875000    -27.182     
1412   4.652912500    -27.705     
1413   4.652950000    -27.600     
1414   4.652987500    -27.072     
1415   4.653025000    -26.989     
1416   4.653062500    -27.969     
1417   4.653100000    -27.879     
1418   4.653137500    -25.410     
1419   4.653175000    -27.953     
1420   4.653212500    -26.175     
1421   4.653250000    -27.667     
1422   4.653287500    -26.604     
1423   4.653325000    -25.265     
1424   4.653362500    -26.389     
1425   4.653400000    -27.183     
1426   4.653437500    -26.454     
1427   4.653475000    -26.604     
1428   4.653512500    -28.534     
1429   4.653550000    -25.949     
1430   4.653587500    -25.294     
1431   4.653625000    -27.853     
1432   4.653662500    -26.861     
1433   4.653700000    -26.872     
1434   4.653737500    -25.603     
1435   4.653775000    -25.550     
1436   4.653812500    -27.953     
1437   4.653850000    -28.080     
1438   4.653887500    -26.285     
1439   4.653925000    -26.076     
1440   4.653962500    -27.660     
1441   4.654000000    -26.915     
1442   4.654037500    -28.026     
1443   4.654075000    -26.635     
1444   4.654112500    -26.585     
1445   4.654150000    -26.650     
1446   4.654187500    -27.612     
1447   4.654225000    -27.790     
1448   4.654262500    -25.710     
1449   4.654300000    -27.347     
1450   4.654337500    -29.855     
1451   4.654375000    -27.797     
1452   4.654412500    -25.992     
1453   4.654450000    -28.349     
1454   4.654487500    -25.619     
1455   4.654525000    -27.080     
1456   4.654562500    -27.994     
1457   4.654600000    -27.042     
1458   4.654637500    -26.828     
1459   4.654675000    -25.712     
1460   4.654712500    -26.626     
1461   4.654750000    -28.327     
1462   4.654787500    -25.729     
1463   4.654825000    -26.774     
1464   4.654862500    -26.394     
1465   4.654900000    -26.873     
1466   4.654937500    -27.185     
1467   4.654975000    -27.289     
1468   4.655012500    -27.984     
1469   4.655050000    -27.659     
1470   4.655087500    -26.261     
1471   4.655125000    -26.976     
1472   4.655162500    -27.804     
1473   4.655200000    -26.304     
1474   4.655237500    -28.098     
1475   4.655275000    -26.870     
1476   4.655312500    -27.833     
1477   4.655350000    -26.515     
1478   4.655387500    -25.776     
1479   4.655425000    -26.364     
1480   4.655462500    -26.840     
1481   4.655500000    -28.136     
1482   4.655537500    -26.214     
1483   4.655575000    -27.515     
1484   4.655612500    -27.965     
1485   4.655650000    -26.674     
1486   4.655687500    -29.898     
1487   4.655725000    -28.005     
1488   4.655762500    -27.477     
1489   4.655800000    -25.440     
1490   4.655837500    -27.458     
1491   4.655875000    -26.549     
1492   4.655912500    -26.740     
1493   4.655950000    -27.140     
1494   4.655987500    -28.288     
1495   4.656025000    -27.972     
1496   4.656062500    -28.652     
1497   4.656100000    -29.085     
1498   4.656137500    -27.721     
1499   4.656175000    -28.019     
1500   4.656212500    -27.795     
1501   4.656250000    -27.218     
1502   4.656287500    -26.599     
1503   4.656325000    -27.364     
1504   4.656362500    -27.203     
1505   4.656400000    -25.906     
1506   4.656437500    -27.433     
1507   4.656475000    -28.415     
1508   4.656512500    -25.823     
1509   4.656550000    -27.046     
1510   4.656587500    -27.004     
1511   4.656625000    -27.675     
1512   4.656662500    -27.017     
1513   4.656700000    -27.353     
1514   4.656737500    -27.767     
1515   4.656775000    -26.525     
1516   4.656812500    -27.966     
1517   4.656850000    -26.379     
1518   4.656887500    -27.132     
1519   4.656925000    -26.921     
1520   4.656962500    -26.185     
1521   4.657000000    -26.304     
1522   4.657037500    -28.246     
1523   4.657075000    -26.876     
1524   4.657112500    -27.459     
1525   4.657150000    -27.476     
1526   4.657187500    -28.662     
1527   4.657225000    -26.332     
1528   4.657262500    -28.450     
1529   4.657300000    -28.279     
1530   4.657337500    -26.558     
1531   4.657375000    -26.756     
1532   4.657412500    -27.718     
1533   4.657450000    -26.689     
1534   4.657487500    -26.981     
1535   4.657525000    -26.701     
1536   4.657562500    -27.858     
1537   4.657600000    -28.054     
1538   4.657637500    -26.200     
1539   4.657675000    -27.427     
1540   4.657712500    -27.132     
1541   4.657750000    -26.629     
1542   4.657787500    -27.424     
1543   4.657825000    -26.239     
1544   4.657862500    -27.644     
1545   4.657900000    -26.641     
1546   4.657937500    -26.916     
1547   4.657975000    -27.083     
1548   4.658012500    -28.853     
1549   4.658050000    -27.382     
1550   4.658087500    -26.818     
1551   4.658125000    -26.330     
1552   4.658162500    -26.174     
1553   4.658200000    -28.079     
1554   4.658237500    -26.748     
1555   4.658275000    -28.586     
1556   4.658312500    -27.856     
1557   4.658350000    -27.307     
1558   4.658387500    -27.591     
1559   4.658425000    -27.712     
1560   4.658462500    -27.565     
1561   4.658500000    -29.094     
1562   4.658537500    -27.316     
1563   4.658575000    -27.054     
1564   4.658612500    -25.990     
1565   4.658650000    -26.452     
1566   4.658687500    -26.460     
1567   4.658725000    -27.116     
1568   4.658762500    -28.447     
1569   4.658800000    -26.932     
1570   4.658837500    -26.379     
1571   4.658875000    -27.609     
1572   4.658912500    -26.880     
1573   4.658950000    -25.400     
1574   4.658987500    -27.739     
1575   4.659025000    -27.056     
1576   4.659062500    -28.039     
1577   4.659100000    -26.412     
1578   4.659137500    -28.114     
1579   4.659175000    -27.754     
1580   4.659212500    -29.363     
1581   4.659250000    -27.534     
1582   4.659287500    -27.621     
1583   4.659325000    -26.910     
1584   4.659362500    -27.649     
1585   4.659400000    -28.623     
1586   4.659437500    -26.152     
1587   4.659475000    -27.433     
1588   4.659512500    -28.124     
1589   4.659550000    -28.135     
1590   4.659587500    -27.306     
1591   4.659625000    -28.520     
1592   4.659662500    -27.416     
1593   4.659700000    -27.034     
1594   4.659737500    -28.645     
1595   4.659775000    -26.749     
1596   4.659812500    -28.487     
1597   4.659850000    -26.332     
1598   4.659887500    -26.932     
1599   4.659925000    -27.042     
1600   4.659962500    -27.462     
1601   4.660000000    -27.918     
